Image,1,2,3,4,5,6,7,8,9,10,11,12,13,14,15,16,17,18,19,20,21,22,23,24,25,26,27,28,29,30,31,32,33,34,35,36,37,38,39,40,41,42,43,44,45,46,47,48,49,50,51,52,53,54,55,56,57,58,59,60,61,62,63,64,65,66,67,68,69,70,71,72,73,74,75,76,77,78,79,80,81,82,83,84,85,86,87,88,89,90,91,92,93,94,95,96,97,98,99,100,101,102,103,104,105,106,107,108,109,110,111,112,113,114,115,116,117,118,119,120,121,122,123,124,125,126,127,128,129,130,131,132,133,134,135,136,137,138,139,140,141,142,143,144,145,146,147,148,149,150,151,152,153,154,155,156,157,158,159,160,161,162,163,164,165,166,167,168,169,170,171,172,173,174,175,176,177,178,179,180,181,182,183,184,185,186,187,188,189,190,191,192,193,194,195,196,197,198,199,200,201,202,203,204,205,206,207,208,209,210,211,212,213,214,215,216,217,218,219,220,221,222,223,224,225,226,227,228,229,230,231,232,233,234,235,236,237,238,239,240,241,242,243,244,245,246,247,248,249,250,251,252,253,254,255,256,257,258,259,260,261,262,263,264,265,266,267,268,269,270,271,272,273,274,275,276,277,278,279,280,281,282,283,284,285,286,287,288,289,290,291,292,293,294,295,296,297,298,299,300,301,302,303,304,305,306,307,308,309,310,311,312,313,314,315,316,317,318,319,320,321,322,323,324,325,326,327,328,329,330,331,332,333,334,335,336,337,338,339,340,341,342,343,344,345,346,347,348,349,350,351,352,353,354,355,356,357,358,359,360,361,362,363,364,365,366,367,368,369,370,371,372,373,374,375,376,377,378,379,380,381,382,383,384,385,386,387,388,389,390,391,392,393,394,395,396,397,398,399,400,401,402,403,404,405,406,407,408,409,410,411,412,413,414,415,416,417,418,419,420,421,422,423,424,425,426,427,428,429,430,431,432,433,434,435,436,437,438,439,440,441,442,443,444,445,446,447,448,449,450,451,452,453,454,455,456,457,458,459,460,461,462,463,464,465,466,467,468,469,470,471,472,473,474,475,476,477,478,479,480,481,482,483,484,485,486,487,488,489,490,491,492,493,494,495,496,497,498,499,500,501,502,503,504,505,506,507,508,509,510,511,512
1802late79,0.0038461538461538464,0.002307692307692308,0.0,0.003076923076923077,0.002307692307692308,0.008461538461538461,0.0,0.0007692307692307692,0.002307692307692308,0.0015384615384615385,0.0007692307692307692,0.006923076923076923,0.0015384615384615385,0.0007692307692307692,0.0,0.006153846153846154,0.0,0.003076923076923077,0.003076923076923077,0.0007692307692307692,0.004615384615384616,0.003076923076923077,0.004615384615384616,0.004615384615384616,0.0015384615384615385,0.009230769230769232,0.0,0.0007692307692307692,0.0,0.0007692307692307692,0.002307692307692308,0.0,0.007692307692307693,0.003076923076923077,0.003076923076923077,0.0007692307692307692,0.0015384615384615385,0.0,0.004615384615384616,0.004615384615384616,0.0,0.0,0.0038461538461538464,0.0015384615384615385,0.0015384615384615385,0.002307692307692308,0.0007692307692307692,0.004615384615384616,0.0015384615384615385,0.0,0.0,0.0,0.005384615384615384,0.0015384615384615385,0.0007692307692307692,0.0,0.0015384615384615385,0.0,0.0015384615384615385,0.0007692307692307692,0.0,0.0007692307692307692,0.006153846153846154,0.0007692307692307692,0.0,0.0007692307692307692,0.0,0.002307692307692308,0.002307692307692308,0.003076923076923077,0.0007692307692307692,0.003076923076923077,0.002307692307692308,0.0,0.01,0.0038461538461538464,0.002307692307692308,0.0,0.0015384615384615385,0.002307692307692308,0.0007692307692307692,0.002307692307692308,0.0,0.0015384615384615385,0.0,0.0,0.005384615384615384,0.0007692307692307692,0.0,0.0,0.0007692307692307692,0.0015384615384615385,0.0015384615384615385,0.0015384615384615385,0.0007692307692307692,0.0015384615384615385,0.002307692307692308,0.002307692307692308,0.0015384615384615385,0.004615384615384616,0.0038461538461538464,0.0007692307692307692,0.0007692307692307692,0.003076923076923077,0.0015384615384615385,0.003076923076923077,0.0007692307692307692,0.006153846153846154,0.003076923076923077,0.0,0.0007692307692307692,0.0007692307692307692,0.0,0.006153846153846154,0.0007692307692307692,0.0007692307692307692,0.005384615384615384,0.0015384615384615385,0.002307692307692308,0.0007692307692307692,0.0007692307692307692,0.003076923076923077,0.004615384615384616,0.0,0.0,0.002307692307692308,0.0007692307692307692,0.0038461538461538464,0.0,0.0,0.0,0.0015384615384615385,0.0007692307692307692,0.002307692307692308,0.0015384615384615385,0.007692307692307693,0.0,0.0,0.002307692307692308,0.0038461538461538464,0.004615384615384616,0.0,0.0,0.0,0.0,0.0,0.007692307692307693,0.0007692307692307692,0.0,0.0015384615384615385,0.0,0.0,0.0,0.003076923076923077,0.0015384615384615385,0.0015384615384615385,0.0038461538461538464,0.0007692307692307692,0.0038461538461538464,0.002307692307692308,0.0,0.0,0.011538461538461539,0.0007692307692307692,0.0015384615384615385,0.0,0.0007692307692307692,0.0007692307692307692,0.0007692307692307692,0.0,0.0,0.0007692307692307692,0.0,0.0038461538461538464,0.0015384615384615385,0.0038461538461538464,0.0,0.002307692307692308,0.0007692307692307692,0.002307692307692308,0.0015384615384615385,0.0015384615384615385,0.002307692307692308,0.0015384615384615385,0.0,0.0007692307692307692,0.0015384615384615385,0.0,0.0015384615384615385,0.002307692307692308,0.003076923076923077,0.002307692307692308,0.0007692307692307692,0.0,0.005384615384615384,0.0007692307692307692,0.0,0.005384615384615384,0.0,0.0015384615384615385,0.002307692307692308,0.0,0.004615384615384616,0.0015384615384615385,0.0007692307692307692,0.0015384615384615385,0.003076923076923077,0.0015384615384615385,0.0007692307692307692,0.002307692307692308,0.0,0.0007692307692307692,0.002307692307692308,0.0038461538461538464,0.002307692307692308,0.0007692307692307692,0.026923076923076925,0.002307692307692308,0.0007692307692307692,0.0038461538461538464,0.0,0.0007692307692307692,0.003076923076923077,0.0007692307692307692,0.0007692307692307692,0.0,0.002307692307692308,0.0,0.0038461538461538464,0.0007692307692307692,0.0,0.002307692307692308,0.0,0.0007692307692307692,0.006923076923076923,0.006923076923076923,0.0007692307692307692,0.0038461538461538464,0.0015384615384615385,0.002307692307692308,0.007692307692307693,0.0,0.0015384615384615385,0.0,0.0007692307692307692,0.0007692307692307692,0.0015384615384615385,0.0015384615384615385,0.002307692307692308,0.0015384615384615385,0.0038461538461538464,0.0007692307692307692,0.003076923076923077,0.002307692307692308,0.003076923076923077,0.0,0.0,0.003076923076923077,0.0,0.0,0.0015384615384615385,0.0007692307692307692,0.0007692307692307692,0.004615384615384616,0.0015384615384615385,0.0,0.0007692307692307692,0.0015384615384615385,0.0015384615384615385,0.0007692307692307692,0.006923076923076923,0.0,0.0007692307692307692,0.004615384615384616,0.0,0.0038461538461538464,0.0038461538461538464,0.0007692307692307692,0.0015384615384615385,0.0038461538461538464,0.0,0.0,0.0038461538461538464,0.002307692307692308,0.0015384615384615385,0.0,0.0038461538461538464,0.0007692307692307692,0.0,0.0007692307692307692,0.003076923076923077,0.0,0.0015384615384615385,0.0038461538461538464,0.002307692307692308,0.0,0.004615384615384616,0.0,0.0007692307692307692,0.0,0.0,0.0007692307692307692,0.0015384615384615385,0.0,0.006153846153846154,0.002307692307692308,0.0007692307692307692,0.0015384615384615385,0.0007692307692307692,0.006153846153846154,0.0015384615384615385,0.0038461538461538464,0.0007692307692307692,0.0,0.0,0.0038461538461538464,0.0,0.0015384615384615385,0.0007692307692307692,0.004615384615384616,0.0007692307692307692,0.005384615384615384,0.0,0.0,0.005384615384615384,0.0007692307692307692,0.002307692307692308,0.0007692307692307692,0.0015384615384615385,0.0,0.0007692307692307692,0.0015384615384615385,0.003076923076923077,0.0015384615384615385,0.0,0.0007692307692307692,0.0,0.0015384615384615385,0.0007692307692307692,0.0007692307692307692,0.0007692307692307692,0.0015384615384615385,0.0007692307692307692,0.0007692307692307692,0.002307692307692308,0.003076923076923077,0.0,0.0007692307692307692,0.0007692307692307692,0.0015384615384615385,0.0,0.0,0.0,0.0015384615384615385,0.004615384615384616,0.0,0.0007692307692307692,0.0015384615384615385,0.0007692307692307692,0.0015384615384615385,0.002307692307692308,0.006923076923076923,0.0007692307692307692,0.0,0.0015384615384615385,0.003076923076923077,0.0,0.002307692307692308,0.003076923076923077,0.0007692307692307692,0.002307692307692308,0.0,0.009230769230769232,0.0038461538461538464,0.0,0.0015384615384615385,0.006153846153846154,0.0007692307692307692,0.0038461538461538464,0.0,0.0015384615384615385,0.002307692307692308,0.0038461538461538464,0.0,0.0,0.003076923076923077,0.0038461538461538464,0.0007692307692307692,0.0,0.0038461538461538464,0.006923076923076923,0.0,0.0,0.006153846153846154,0.0038461538461538464,0.007692307692307693,0.0007692307692307692,0.0,0.0,0.0007692307692307692,0.0007692307692307692,0.0007692307692307692,0.0015384615384615385,0.009230769230769232,0.0015384615384615385,0.004615384615384616,0.0,0.0038461538461538464,0.008461538461538461,0.0,0.0038461538461538464,0.0,0.009230769230769232,0.006153846153846154,0.004615384615384616,0.0,0.0007692307692307692,0.0,0.0015384615384615385,0.004615384615384616,0.0007692307692307692,0.0015384615384615385,0.002307692307692308,0.0,0.004615384615384616,0.0015384615384615385,0.0,0.006153846153846154,0.0,0.0,0.0038461538461538464,0.003076923076923077,0.002307692307692308,0.01,0.006153846153846154,0.0038461538461538464,0.003076923076923077,0.005384615384615384,0.0,0.002307692307692308,0.0015384615384615385,0.0015384615384615385,0.0,0.006153846153846154,0.0,0.0007692307692307692,0.0007692307692307692,0.0007692307692307692,0.002307692307692308,0.0007692307692307692,0.0007692307692307692,0.002307692307692308,0.0007692307692307692,0.0015384615384615385,0.002307692307692308,0.0015384615384615385,0.0015384615384615385,0.002307692307692308,0.0038461538461538464,0.008461538461538461,0.0015384615384615385,0.0015384615384615385,0.0,0.0007692307692307692,0.01,0.003076923076923077,0.0015384615384615385,0.0007692307692307692,0.0015384615384615385,0.0015384615384615385,0.0038461538461538464,0.005384615384615384,0.0015384615384615385,0.006153846153846154,0.0,0.0007692307692307692,0.0,0.002307692307692308,0.0007692307692307692,0.0007692307692307692,0.0007692307692307692,0.002307692307692308,0.0,0.0007692307692307692,0.0,0.0007692307692307692,0.0,0.0,0.0007692307692307692,0.0007692307692307692,0.0,0.0,0.0007692307692307692,0.0,0.0,0.0007692307692307692,0.0015384615384615385,0.004615384615384616,0.0015384615384615385,0.0,0.002307692307692308,0.0007692307692307692,0.0,0.0,0.002307692307692308,0.0015384615384615385,0.0,0.002307692307692308,0.0015384615384615385,0.0038461538461538464,0.002307692307692308,0.0038461538461538464
1802late92,0.004659832246039142,0.001863932898415657,0.001863932898415657,0.001863932898415657,0.001863932898415657,0.0,0.004659832246039142,0.01863932898415657,0.001863932898415657,0.0027958993476234857,0.001863932898415657,0.034482758620689655,0.001863932898415657,0.0009319664492078285,0.0009319664492078285,0.0,0.0,0.007455731593662628,0.0009319664492078285,0.0009319664492078285,0.0009319664492078285,0.003727865796831314,0.003727865796831314,0.001863932898415657,0.005591798695246971,0.0009319664492078285,0.0009319664492078285,0.0009319664492078285,0.0009319664492078285,0.0009319664492078285,0.0027958993476234857,0.011183597390493943,0.0,0.0027958993476234857,0.0009319664492078285,0.0009319664492078285,0.0,0.0009319664492078285,0.001863932898415657,0.0009319664492078285,0.0009319664492078285,0.0,0.0,0.0065237651444548,0.0009319664492078285,0.001863932898415657,0.0009319664492078285,0.005591798695246971,0.0009319664492078285,0.0,0.0027958993476234857,0.0,0.004659832246039142,0.0,0.001863932898415657,0.0,0.0009319664492078285,0.0009319664492078285,0.0,0.0,0.003727865796831314,0.001863932898415657,0.0,0.0,0.0009319664492078285,0.004659832246039142,0.0,0.001863932898415657,0.001863932898415657,0.0009319664492078285,0.001863932898415657,0.0,0.0,0.007455731593662628,0.0027958993476234857,0.003727865796831314,0.0009319664492078285,0.0,0.007455731593662628,0.0009319664492078285,0.0027958993476234857,0.001863932898415657,0.0009319664492078285,0.003727865796831314,0.0,0.0,0.0,0.001863932898415657,0.0,0.0,0.003727865796831314,0.0027958993476234857,0.0009319664492078285,0.001863932898415657,0.003727865796831314,0.001863932898415657,0.0027958993476234857,0.0009319664492078285,0.007455731593662628,0.0,0.003727865796831314,0.001863932898415657,0.0027958993476234857,0.001863932898415657,0.005591798695246971,0.0,0.0,0.004659832246039142,0.0009319664492078285,0.0009319664492078285,0.0009319664492078285,0.0009319664492078285,0.003727865796831314,0.0027958993476234857,0.0,0.0,0.0009319664492078285,0.001863932898415657,0.0,0.0009319664492078285,0.0009319664492078285,0.0,0.001863932898415657,0.0,0.0027958993476234857,0.001863932898415657,0.0065237651444548,0.004659832246039142,0.001863932898415657,0.0027958993476234857,0.0027958993476234857,0.0009319664492078285,0.0,0.001863932898415657,0.0027958993476234857,0.0,0.0009319664492078285,0.0,0.003727865796831314,0.001863932898415657,0.0,0.0,0.0,0.0009319664492078285,0.001863932898415657,0.0,0.0027958993476234857,0.0,0.001863932898415657,0.0,0.003727865796831314,0.0,0.003727865796831314,0.0,0.0,0.004659832246039142,0.0009319664492078285,0.0009319664492078285,0.0027958993476234857,0.0,0.0,0.0009319664492078285,0.0,0.0,0.0,0.003727865796831314,0.003727865796831314,0.0,0.0,0.0,0.0009319664492078285,0.0,0.003727865796831314,0.003727865796831314,0.003727865796831314,0.001863932898415657,0.001863932898415657,0.005591798695246971,0.001863932898415657,0.0,0.0009319664492078285,0.003727865796831314,0.0009319664492078285,0.0009319664492078285,0.0065237651444548,0.0,0.0009319664492078285,0.001863932898415657,0.0,0.0009319664492078285,0.001863932898415657,0.001863932898415657,0.0,0.0,0.0,0.0009319664492078285,0.0009319664492078285,0.0,0.0,0.004659832246039142,0.0009319664492078285,0.0027958993476234857,0.0009319664492078285,0.0,0.001863932898415657,0.004659832246039142,0.007455731593662628,0.0,0.0027958993476234857,0.0027958993476234857,0.0027958993476234857,0.008387698042870456,0.0065237651444548,0.004659832246039142,0.0009319664492078285,0.001863932898415657,0.001863932898415657,0.0027958993476234857,0.0027958993476234857,0.0009319664492078285,0.0027958993476234857,0.001863932898415657,0.0,0.0027958993476234857,0.0009319664492078285,0.0027958993476234857,0.0,0.0027958993476234857,0.0009319664492078285,0.0009319664492078285,0.0009319664492078285,0.0,0.0,0.0009319664492078285,0.004659832246039142,0.0,0.001863932898415657,0.0,0.0009319664492078285,0.001863932898415657,0.0009319664492078285,0.0009319664492078285,0.0,0.005591798695246971,0.0065237651444548,0.0009319664492078285,0.0009319664492078285,0.0009319664492078285,0.0009319664492078285,0.0027958993476234857,0.003727865796831314,0.0027958993476234857,0.004659832246039142,0.0027958993476234857,0.0,0.0,0.001863932898415657,0.0,0.0,0.001863932898415657,0.0,0.0009319664492078285,0.0009319664492078285,0.0027958993476234857,0.0009319664492078285,0.0009319664492078285,0.0,0.0,0.001863932898415657,0.0,0.0,0.0009319664492078285,0.0,0.0009319664492078285,0.0,0.005591798695246971,0.0009319664492078285,0.003727865796831314,0.0,0.0,0.0,0.0,0.0009319664492078285,0.0,0.001863932898415657,0.001863932898415657,0.0,0.0,0.0009319664492078285,0.0009319664492078285,0.0,0.001863932898415657,0.007455731593662628,0.0009319664492078285,0.001863932898415657,0.004659832246039142,0.0009319664492078285,0.0,0.0009319664492078285,0.0009319664492078285,0.0,0.0009319664492078285,0.0,0.003727865796831314,0.0,0.0,0.0027958993476234857,0.001863932898415657,0.0130475302889096,0.0,0.001863932898415657,0.005591798695246971,0.0,0.0,0.0,0.0027958993476234857,0.0009319664492078285,0.0027958993476234857,0.0009319664492078285,0.0,0.0009319664492078285,0.0009319664492078285,0.0009319664492078285,0.004659832246039142,0.0009319664492078285,0.0009319664492078285,0.003727865796831314,0.0,0.0,0.0009319664492078285,0.0065237651444548,0.0027958993476234857,0.003727865796831314,0.0009319664492078285,0.0,0.001863932898415657,0.0009319664492078285,0.005591798695246971,0.004659832246039142,0.001863932898415657,0.0,0.0009319664492078285,0.0009319664492078285,0.001863932898415657,0.0009319664492078285,0.0,0.003727865796831314,0.0009319664492078285,0.0027958993476234857,0.0,0.0,0.0,0.0027958993476234857,0.001863932898415657,0.004659832246039142,0.0009319664492078285,0.0009319664492078285,0.0027958993476234857,0.004659832246039142,0.003727865796831314,0.007455731593662628,0.0,0.0,0.001863932898415657,0.0,0.001863932898415657,0.0,0.004659832246039142,0.001863932898415657,0.0,0.0,0.001863932898415657,0.001863932898415657,0.0,0.0,0.0009319664492078285,0.0,0.0027958993476234857,0.0,0.0,0.001863932898415657,0.005591798695246971,0.0,0.0009319664492078285,0.005591798695246971,0.003727865796831314,0.003727865796831314,0.0009319664492078285,0.0065237651444548,0.012115563839701771,0.0,0.001863932898415657,0.0,0.0065237651444548,0.0027958993476234857,0.0009319664492078285,0.0,0.0,0.0027958993476234857,0.0009319664492078285,0.003727865796831314,0.0,0.005591798695246971,0.0027958993476234857,0.001863932898415657,0.001863932898415657,0.001863932898415657,0.0027958993476234857,0.0,0.0027958993476234857,0.001863932898415657,0.0027958993476234857,0.0,0.004659832246039142,0.0,0.0009319664492078285,0.001863932898415657,0.0027958993476234857,0.001863932898415657,0.0,0.007455731593662628,0.001863932898415657,0.0009319664492078285,0.001863932898415657,0.0027958993476234857,0.0,0.0009319664492078285,0.0027958993476234857,0.0,0.005591798695246971,0.003727865796831314,0.0027958993476234857,0.0009319664492078285,0.0009319664492078285,0.004659832246039142,0.001863932898415657,0.0027958993476234857,0.001863932898415657,0.0,0.0,0.0027958993476234857,0.0027958993476234857,0.001863932898415657,0.0,0.001863932898415657,0.0009319664492078285,0.0009319664492078285,0.0,0.0,0.0009319664492078285,0.001863932898415657,0.0009319664492078285,0.0,0.003727865796831314,0.003727865796831314,0.0009319664492078285,0.0,0.0065237651444548,0.0065237651444548,0.003727865796831314,0.001863932898415657,0.003727865796831314,0.0,0.014911463187325256,0.0027958993476234857,0.004659832246039142,0.0009319664492078285,0.0027958993476234857,0.0027958993476234857,0.0,0.0,0.0,0.0065237651444548,0.0009319664492078285,0.0027958993476234857,0.0009319664492078285,0.005591798695246971,0.0027958993476234857,0.0009319664492078285,0.0009319664492078285,0.003727865796831314,0.0027958993476234857,0.0,0.0009319664492078285,0.0027958993476234857,0.0009319664492078285,0.0027958993476234857,0.001863932898415657,0.0027958993476234857,0.0,0.0,0.0027958993476234857,0.0,0.0,0.0009319664492078285,0.0027958993476234857,0.0,0.0027958993476234857,0.0,0.0027958993476234857,0.0009319664492078285,0.001863932898415657,0.0009319664492078285,0.0027958993476234857,0.0009319664492078285,0.0027958993476234857,0.007455731593662628,0.0009319664492078285,0.003727865796831314,0.0009319664492078285,0.0027958993476234857,0.001863932898415657
1802late86,0.002243829468960359,0.0014958863126402393,0.0014958863126402393,0.0014958863126402393,0.0029917726252804786,0.0,0.0,0.002243829468960359,0.005983545250560957,0.0,0.002243829468960359,0.0007479431563201197,0.0074794315632011965,0.0,0.0007479431563201197,0.0037397157816005983,0.0,0.002243829468960359,0.005235602094240838,0.0,0.0029917726252804786,0.0029917726252804786,0.0037397157816005983,0.0014958863126402393,0.0007479431563201197,0.0,0.0037397157816005983,0.0029917726252804786,0.0014958863126402393,0.0029917726252804786,0.0,0.0029917726252804786,0.006731488406881077,0.0007479431563201197,0.0007479431563201197,0.0014958863126402393,0.0074794315632011965,0.002243829468960359,0.0007479431563201197,0.0007479431563201197,0.0,0.0007479431563201197,0.0,0.0007479431563201197,0.0029917726252804786,0.0007479431563201197,0.0037397157816005983,0.0029917726252804786,0.0029917726252804786,0.005235602094240838,0.0,0.0014958863126402393,0.0,0.004487658937920718,0.0007479431563201197,0.0007479431563201197,0.0,0.0007479431563201197,0.0029917726252804786,0.004487658937920718,0.0014958863126402393,0.0014958863126402393,0.005235602094240838,0.0007479431563201197,0.0,0.0007479431563201197,0.005983545250560957,0.0029917726252804786,0.0014958863126402393,0.0,0.0029917726252804786,0.0,0.0007479431563201197,0.0014958863126402393,0.006731488406881077,0.004487658937920718,0.0037397157816005983,0.002243829468960359,0.0007479431563201197,0.005235602094240838,0.005235602094240838,0.0037397157816005983,0.0029917726252804786,0.002243829468960359,0.0007479431563201197,0.0014958863126402393,0.0007479431563201197,0.002243829468960359,0.002243829468960359,0.0007479431563201197,0.004487658937920718,0.0029917726252804786,0.0,0.0029917726252804786,0.0014958863126402393,0.0029917726252804786,0.0007479431563201197,0.0014958863126402393,0.0014958863126402393,0.004487658937920718,0.0007479431563201197,0.0014958863126402393,0.0014958863126402393,0.0037397157816005983,0.0037397157816005983,0.0037397157816005983,0.0029917726252804786,0.004487658937920718,0.0029917726252804786,0.0,0.0029917726252804786,0.0037397157816005983,0.0014958863126402393,0.0014958863126402393,0.0007479431563201197,0.0,0.0,0.0014958863126402393,0.0029917726252804786,0.0007479431563201197,0.002243829468960359,0.002243829468960359,0.0,0.0029917726252804786,0.0014958863126402393,0.008227374719521317,0.0014958863126402393,0.004487658937920718,0.002243829468960359,0.0,0.0,0.0,0.0,0.002243829468960359,0.0,0.005235602094240838,0.0007479431563201197,0.0007479431563201197,0.004487658937920718,0.0029917726252804786,0.004487658937920718,0.0,0.0014958863126402393,0.0007479431563201197,0.0014958863126402393,0.002243829468960359,0.0037397157816005983,0.0,0.0007479431563201197,0.0029917726252804786,0.0,0.0,0.0,0.004487658937920718,0.0,0.0007479431563201197,0.005235602094240838,0.0007479431563201197,0.006731488406881077,0.0014958863126402393,0.002243829468960359,0.002243829468960359,0.0,0.0,0.0,0.0,0.0,0.0037397157816005983,0.0,0.0029917726252804786,0.0007479431563201197,0.0007479431563201197,0.0,0.0029917726252804786,0.0,0.0037397157816005983,0.002243829468960359,0.0014958863126402393,0.004487658937920718,0.0007479431563201197,0.0,0.0037397157816005983,0.002243829468960359,0.0007479431563201197,0.0014958863126402393,0.005983545250560957,0.0029917726252804786,0.002243829468960359,0.0007479431563201197,0.0,0.008227374719521317,0.0014958863126402393,0.0007479431563201197,0.0007479431563201197,0.0029917726252804786,0.0,0.0037397157816005983,0.0037397157816005983,0.0,0.0007479431563201197,0.002243829468960359,0.0007479431563201197,0.0029917726252804786,0.006731488406881077,0.0007479431563201197,0.0014958863126402393,0.0007479431563201197,0.004487658937920718,0.0007479431563201197,0.002243829468960359,0.006731488406881077,0.0029917726252804786,0.0037397157816005983,0.002243829468960359,0.0007479431563201197,0.0029917726252804786,0.0037397157816005983,0.0014958863126402393,0.0007479431563201197,0.0029917726252804786,0.0007479431563201197,0.0007479431563201197,0.006731488406881077,0.0007479431563201197,0.0007479431563201197,0.0014958863126402393,0.0037397157816005983,0.0,0.0007479431563201197,0.002243829468960359,0.0,0.0014958863126402393,0.0007479431563201197,0.0014958863126402393,0.0007479431563201197,0.0007479431563201197,0.002243829468960359,0.005983545250560957,0.0,0.0029917726252804786,0.0,0.0014958863126402393,0.0037397157816005983,0.0007479431563201197,0.0029917726252804786,0.0037397157816005983,0.0014958863126402393,0.0037397157816005983,0.0007479431563201197,0.0007479431563201197,0.002243829468960359,0.0014958863126402393,0.0037397157816005983,0.0029917726252804786,0.002243829468960359,0.0014958863126402393,0.005235602094240838,0.0007479431563201197,0.0007479431563201197,0.0,0.0007479431563201197,0.002243829468960359,0.0,0.0037397157816005983,0.0014958863126402393,0.0007479431563201197,0.002243829468960359,0.0007479431563201197,0.0014958863126402393,0.0029917726252804786,0.0014958863126402393,0.0014958863126402393,0.0037397157816005983,0.0029917726252804786,0.002243829468960359,0.0029917726252804786,0.005235602094240838,0.0014958863126402393,0.0014958863126402393,0.0,0.0,0.004487658937920718,0.0029917726252804786,0.0014958863126402393,0.002243829468960359,0.004487658937920718,0.0014958863126402393,0.0007479431563201197,0.0,0.0029917726252804786,0.0,0.002243829468960359,0.002243829468960359,0.0,0.004487658937920718,0.004487658937920718,0.0007479431563201197,0.0,0.0014958863126402393,0.0014958863126402393,0.002243829468960359,0.0007479431563201197,0.0,0.0029917726252804786,0.0,0.002243829468960359,0.0014958863126402393,0.0007479431563201197,0.0014958863126402393,0.0007479431563201197,0.0014958863126402393,0.0029917726252804786,0.0014958863126402393,0.002243829468960359,0.0014958863126402393,0.0,0.0,0.0014958863126402393,0.0007479431563201197,0.0014958863126402393,0.0037397157816005983,0.0007479431563201197,0.0007479431563201197,0.0007479431563201197,0.0007479431563201197,0.0029917726252804786,0.002243829468960359,0.004487658937920718,0.0,0.0,0.0014958863126402393,0.011967090501121914,0.0014958863126402393,0.0007479431563201197,0.002243829468960359,0.002243829468960359,0.0,0.0007479431563201197,0.006731488406881077,0.0007479431563201197,0.0,0.0,0.0029917726252804786,0.0037397157816005983,0.002243829468960359,0.0,0.0007479431563201197,0.0,0.0014958863126402393,0.0007479431563201197,0.0014958863126402393,0.0,0.0014958863126402393,0.0007479431563201197,0.0007479431563201197,0.0014958863126402393,0.002243829468960359,0.0014958863126402393,0.0007479431563201197,0.005983545250560957,0.002243829468960359,0.0,0.0,0.0029917726252804786,0.0,0.0,0.0007479431563201197,0.0014958863126402393,0.0014958863126402393,0.0,0.0,0.004487658937920718,0.0037397157816005983,0.0,0.0,0.004487658937920718,0.0007479431563201197,0.0029917726252804786,0.0,0.0014958863126402393,0.002243829468960359,0.004487658937920718,0.0007479431563201197,0.0014958863126402393,0.005983545250560957,0.0014958863126402393,0.0037397157816005983,0.002243829468960359,0.0014958863126402393,0.010471204188481676,0.0007479431563201197,0.0007479431563201197,0.0,0.0007479431563201197,0.0,0.0014958863126402393,0.0007479431563201197,0.0014958863126402393,0.0,0.0,0.004487658937920718,0.0,0.0029917726252804786,0.0014958863126402393,0.0,0.0029917726252804786,0.0,0.0029917726252804786,0.0,0.005235602094240838,0.0007479431563201197,0.006731488406881077,0.0,0.006731488406881077,0.0,0.002243829468960359,0.0014958863126402393,0.0029917726252804786,0.0,0.0,0.0037397157816005983,0.002243829468960359,0.0007479431563201197,0.004487658937920718,0.0007479431563201197,0.0,0.0,0.0,0.0,0.0029917726252804786,0.0037397157816005983,0.0014958863126402393,0.0,0.0037397157816005983,0.005983545250560957,0.0037397157816005983,0.0029917726252804786,0.0007479431563201197,0.0014958863126402393,0.0,0.002243829468960359,0.0,0.0007479431563201197,0.0,0.0029917726252804786,0.0,0.0014958863126402393,0.0,0.0007479431563201197,0.002243829468960359,0.0029917726252804786,0.0,0.0,0.0007479431563201197,0.006731488406881077,0.0007479431563201197,0.004487658937920718,0.0074794315632011965,0.0007479431563201197,0.0014958863126402393,0.0,0.0,0.0014958863126402393,0.0029917726252804786,0.005235602094240838,0.0029917726252804786,0.0014958863126402393,0.0029917726252804786,0.006731488406881077,0.0007479431563201197,0.0029917726252804786,0.0014958863126402393,0.0007479431563201197,0.004487658937920718,0.005235602094240838,0.0007479431563201197,0.0029917726252804786,0.004487658937920718,0.0014958863126402393,0.0,0.0037397157816005983,0.0007479431563201197,0.0007479431563201197,0.0007479431563201197,0.004487658937920718,0.0007479431563201197,0.0029917726252804786,0.002243829468960359,0.0037397157816005983,0.0,0.0,0.0,0.0007479431563201197,0.0,0.0007479431563201197,0.002243829468960359,0.004487658937920718,0.0014958863126402393,0.0007479431563201197,0.002243829468960359,0.0,0.0014958863126402393,0.0,0.005235602094240838,0.0029917726252804786,0.0029917726252804786,0.0014958863126402393,0.0007479431563201197,0.0029917726252804786,0.0,0.0029917726252804786,0.0007479431563201197
1802late87,0.001838235294117647,0.0027573529411764708,0.0,0.0009191176470588235,0.0,0.0,0.0,0.004595588235294118,0.001838235294117647,0.0,0.006433823529411764,0.0,0.001838235294117647,0.0009191176470588235,0.0027573529411764708,0.001838235294117647,0.0,0.004595588235294118,0.0027573529411764708,0.0009191176470588235,0.001838235294117647,0.001838235294117647,0.001838235294117647,0.004595588235294118,0.0,0.0,0.0,0.0027573529411764708,0.0027573529411764708,0.0027573529411764708,0.0,0.0009191176470588235,0.011029411764705883,0.001838235294117647,0.0,0.0027573529411764708,0.0009191176470588235,0.004595588235294118,0.0,0.0027573529411764708,0.0009191176470588235,0.0009191176470588235,0.0,0.0,0.0,0.0,0.0,0.0009191176470588235,0.001838235294117647,0.008272058823529412,0.0,0.0009191176470588235,0.0,0.0009191176470588235,0.0009191176470588235,0.001838235294117647,0.004595588235294118,0.0009191176470588235,0.0027573529411764708,0.001838235294117647,0.0,0.0009191176470588235,0.0055147058823529415,0.0,0.0,0.0009191176470588235,0.0,0.0009191176470588235,0.0027573529411764708,0.0,0.0027573529411764708,0.0,0.0027573529411764708,0.001838235294117647,0.0055147058823529415,0.003676470588235294,0.004595588235294118,0.001838235294117647,0.001838235294117647,0.001838235294117647,0.0009191176470588235,0.001838235294117647,0.001838235294117647,0.0009191176470588235,0.0009191176470588235,0.0,0.0,0.0055147058823529415,0.0,0.0,0.003676470588235294,0.003676470588235294,0.0,0.001838235294117647,0.0,0.0,0.0009191176470588235,0.0055147058823529415,0.001838235294117647,0.003676470588235294,0.0027573529411764708,0.0009191176470588235,0.0009191176470588235,0.004595588235294118,0.0,0.003676470588235294,0.001838235294117647,0.004595588235294118,0.004595588235294118,0.001838235294117647,0.0009191176470588235,0.003676470588235294,0.0,0.003676470588235294,0.0,0.0009191176470588235,0.0,0.0027573529411764708,0.0027573529411764708,0.0,0.0027573529411764708,0.001838235294117647,0.0,0.006433823529411764,0.001838235294117647,0.0009191176470588235,0.001838235294117647,0.0055147058823529415,0.0009191176470588235,0.0009191176470588235,0.0,0.0,0.0,0.003676470588235294,0.0009191176470588235,0.0055147058823529415,0.0,0.0009191176470588235,0.001838235294117647,0.003676470588235294,0.001838235294117647,0.001838235294117647,0.0009191176470588235,0.001838235294117647,0.001838235294117647,0.0,0.0009191176470588235,0.003676470588235294,0.0,0.0027573529411764708,0.001838235294117647,0.0009191176470588235,0.0009191176470588235,0.001838235294117647,0.001838235294117647,0.003676470588235294,0.003676470588235294,0.0009191176470588235,0.003676470588235294,0.0027573529411764708,0.008272058823529412,0.0,0.0,0.0,0.0,0.0,0.0,0.0009191176470588235,0.0,0.0009191176470588235,0.0,0.001838235294117647,0.0,0.0009191176470588235,0.0009191176470588235,0.0027573529411764708,0.0009191176470588235,0.003676470588235294,0.0027573529411764708,0.001838235294117647,0.0027573529411764708,0.0,0.0009191176470588235,0.0,0.0,0.007352941176470588,0.0027573529411764708,0.004595588235294118,0.004595588235294118,0.004595588235294118,0.019301470588235295,0.0,0.003676470588235294,0.0009191176470588235,0.004595588235294118,0.0009191176470588235,0.001838235294117647,0.0027573529411764708,0.0027573529411764708,0.001838235294117647,0.001838235294117647,0.0009191176470588235,0.0,0.0009191176470588235,0.0,0.003676470588235294,0.0009191176470588235,0.003676470588235294,0.0009191176470588235,0.001838235294117647,0.007352941176470588,0.0009191176470588235,0.001838235294117647,0.001838235294117647,0.001838235294117647,0.0027573529411764708,0.009191176470588236,0.0009191176470588235,0.0009191176470588235,0.006433823529411764,0.0009191176470588235,0.0009191176470588235,0.001838235294117647,0.0,0.004595588235294118,0.001838235294117647,0.003676470588235294,0.0009191176470588235,0.0,0.0027573529411764708,0.0009191176470588235,0.001838235294117647,0.0,0.0009191176470588235,0.0,0.0055147058823529415,0.0,0.004595588235294118,0.0,0.0027573529411764708,0.0,0.0,0.001838235294117647,0.0009191176470588235,0.0009191176470588235,0.0009191176470588235,0.003676470588235294,0.0027573529411764708,0.004595588235294118,0.003676470588235294,0.001838235294117647,0.004595588235294118,0.0027573529411764708,0.001838235294117647,0.0009191176470588235,0.0027573529411764708,0.001838235294117647,0.0009191176470588235,0.0,0.001838235294117647,0.0009191176470588235,0.001838235294117647,0.0,0.001838235294117647,0.0,0.001838235294117647,0.0,0.0,0.0055147058823529415,0.0009191176470588235,0.0027573529411764708,0.0,0.0,0.001838235294117647,0.006433823529411764,0.001838235294117647,0.001838235294117647,0.001838235294117647,0.0027573529411764708,0.0,0.0,0.03308823529411765,0.0,0.0009191176470588235,0.004595588235294118,0.004595588235294118,0.0009191176470588235,0.0,0.0,0.001838235294117647,0.0055147058823529415,0.004595588235294118,0.0009191176470588235,0.0,0.0,0.0027573529411764708,0.0,0.0027573529411764708,0.0027573529411764708,0.0,0.0,0.0009191176470588235,0.001838235294117647,0.0027573529411764708,0.0,0.0,0.0,0.001838235294117647,0.001838235294117647,0.004595588235294118,0.001838235294117647,0.001838235294117647,0.0009191176470588235,0.0009191176470588235,0.0055147058823529415,0.0,0.0,0.0,0.0,0.0009191176470588235,0.0027573529411764708,0.003676470588235294,0.0009191176470588235,0.0027573529411764708,0.001838235294117647,0.001838235294117647,0.001838235294117647,0.0,0.0,0.0,0.0,0.006433823529411764,0.001838235294117647,0.0,0.0027573529411764708,0.0027573529411764708,0.0,0.0009191176470588235,0.003676470588235294,0.001838235294117647,0.0,0.0009191176470588235,0.0027573529411764708,0.001838235294117647,0.003676470588235294,0.0,0.003676470588235294,0.0,0.0,0.0,0.0009191176470588235,0.0,0.0009191176470588235,0.0,0.0,0.0,0.001838235294117647,0.0055147058823529415,0.0009191176470588235,0.004595588235294118,0.006433823529411764,0.0,0.0,0.003676470588235294,0.0009191176470588235,0.0,0.0,0.0027573529411764708,0.0,0.0027573529411764708,0.0,0.0027573529411764708,0.0027573529411764708,0.001838235294117647,0.0,0.001838235294117647,0.0027573529411764708,0.001838235294117647,0.0,0.004595588235294118,0.0,0.0009191176470588235,0.0,0.001838235294117647,0.0,0.0027573529411764708,0.001838235294117647,0.0,0.0,0.011029411764705883,0.001838235294117647,0.0009191176470588235,0.0,0.004595588235294118,0.0,0.006433823529411764,0.0,0.0,0.0009191176470588235,0.0,0.003676470588235294,0.0009191176470588235,0.004595588235294118,0.001838235294117647,0.0,0.004595588235294118,0.0,0.0009191176470588235,0.0009191176470588235,0.01011029411764706,0.0009191176470588235,0.004595588235294118,0.0,0.0055147058823529415,0.0,0.001838235294117647,0.001838235294117647,0.001838235294117647,0.0,0.001838235294117647,0.0027573529411764708,0.001838235294117647,0.0009191176470588235,0.003676470588235294,0.003676470588235294,0.0,0.006433823529411764,0.0055147058823529415,0.0009191176470588235,0.001838235294117647,0.0009191176470588235,0.0027573529411764708,0.0,0.001838235294117647,0.008272058823529412,0.001838235294117647,0.0009191176470588235,0.0,0.001838235294117647,0.0009191176470588235,0.0027573529411764708,0.0,0.0027573529411764708,0.0,0.006433823529411764,0.0,0.0,0.0,0.003676470588235294,0.0009191176470588235,0.001838235294117647,0.0,0.0027573529411764708,0.0055147058823529415,0.0,0.0009191176470588235,0.0,0.003676470588235294,0.0,0.003676470588235294,0.0009191176470588235,0.0009191176470588235,0.0009191176470588235,0.009191176470588236,0.0,0.0,0.008272058823529412,0.0009191176470588235,0.0027573529411764708,0.011029411764705883,0.004595588235294118,0.003676470588235294,0.0009191176470588235,0.0009191176470588235,0.0027573529411764708,0.001838235294117647,0.004595588235294118,0.0027573529411764708,0.0,0.0009191176470588235,0.003676470588235294,0.0009191176470588235,0.0,0.0009191176470588235,0.001838235294117647,0.0009191176470588235,0.004595588235294118,0.0027573529411764708,0.001838235294117647,0.0,0.0,0.0,0.0,0.0,0.0,0.0009191176470588235,0.0,0.0009191176470588235,0.001838235294117647,0.006433823529411764,0.0,0.0,0.0,0.0055147058823529415,0.004595588235294118,0.006433823529411764,0.001838235294117647,0.0009191176470588235,0.0055147058823529415,0.0,0.0,0.0009191176470588235
1802late93,0.002173913043478261,0.002173913043478261,0.0007246376811594203,0.0007246376811594203,0.0036231884057971015,0.0,0.0007246376811594203,0.002173913043478261,0.009420289855072464,0.002173913043478261,0.002173913043478261,0.0,0.005797101449275362,0.0,0.0,0.0036231884057971015,0.0,0.002173913043478261,0.002898550724637681,0.0007246376811594203,0.005072463768115942,0.0007246376811594203,0.002898550724637681,0.002173913043478261,0.0014492753623188406,0.005797101449275362,0.002898550724637681,0.002173913043478261,0.0007246376811594203,0.0007246376811594203,0.002898550724637681,0.0014492753623188406,0.008695652173913044,0.0,0.002173913043478261,0.0007246376811594203,0.005072463768115942,0.0014492753623188406,0.0014492753623188406,0.0,0.0,0.0,0.0007246376811594203,0.0,0.005072463768115942,0.002173913043478261,0.002898550724637681,0.008695652173913044,0.002173913043478261,0.0007246376811594203,0.0,0.0014492753623188406,0.002173913043478261,0.002173913043478261,0.0014492753623188406,0.0007246376811594203,0.002173913043478261,0.0014492753623188406,0.002898550724637681,0.002898550724637681,0.0,0.0007246376811594203,0.006521739130434782,0.002173913043478261,0.0,0.002173913043478261,0.005797101449275362,0.0014492753623188406,0.002173913043478261,0.0014492753623188406,0.0007246376811594203,0.0007246376811594203,0.002173913043478261,0.0,0.011594202898550725,0.002173913043478261,0.0007246376811594203,0.0014492753623188406,0.0,0.002898550724637681,0.0007246376811594203,0.0014492753623188406,0.002173913043478261,0.0007246376811594203,0.002173913043478261,0.0,0.0014492753623188406,0.0,0.0007246376811594203,0.0007246376811594203,0.0007246376811594203,0.002173913043478261,0.002898550724637681,0.0014492753623188406,0.0007246376811594203,0.008695652173913044,0.002173913043478261,0.0014492753623188406,0.002173913043478261,0.005072463768115942,0.0014492753623188406,0.0014492753623188406,0.0014492753623188406,0.0007246376811594203,0.004347826086956522,0.0007246376811594203,0.0,0.0014492753623188406,0.002898550724637681,0.0,0.0014492753623188406,0.0007246376811594203,0.002898550724637681,0.002898550724637681,0.002898550724637681,0.0007246376811594203,0.0007246376811594203,0.0007246376811594203,0.002173913043478261,0.0014492753623188406,0.0014492753623188406,0.0007246376811594203,0.0,0.0007246376811594203,0.0007246376811594203,0.0014492753623188406,0.0014492753623188406,0.0036231884057971015,0.0036231884057971015,0.0007246376811594203,0.0,0.002173913043478261,0.0,0.0036231884057971015,0.0007246376811594203,0.005797101449275362,0.0,0.0,0.0014492753623188406,0.0036231884057971015,0.006521739130434782,0.0,0.0007246376811594203,0.0007246376811594203,0.0,0.0007246376811594203,0.007246376811594203,0.0,0.0,0.002173913043478261,0.0,0.0007246376811594203,0.0007246376811594203,0.004347826086956522,0.0007246376811594203,0.0007246376811594203,0.0036231884057971015,0.0014492753623188406,0.002173913043478261,0.0007246376811594203,0.002173913043478261,0.0,0.0036231884057971015,0.0007246376811594203,0.0,0.0,0.0,0.005072463768115942,0.0007246376811594203,0.0,0.0007246376811594203,0.002173913043478261,0.0,0.0014492753623188406,0.0,0.0036231884057971015,0.002173913043478261,0.0007246376811594203,0.004347826086956522,0.0,0.0,0.0014492753623188406,0.006521739130434782,0.0007246376811594203,0.0014492753623188406,0.0007246376811594203,0.0,0.0014492753623188406,0.0036231884057971015,0.0,0.007246376811594203,0.0014492753623188406,0.002173913043478261,0.0,0.002898550724637681,0.0,0.0007246376811594203,0.0036231884057971015,0.0007246376811594203,0.0014492753623188406,0.0007246376811594203,0.002173913043478261,0.005072463768115942,0.002173913043478261,0.0,0.002173913043478261,0.002898550724637681,0.004347826086956522,0.0007246376811594203,0.005072463768115942,0.0007246376811594203,0.004347826086956522,0.002173913043478261,0.002173913043478261,0.0036231884057971015,0.002173913043478261,0.007971014492753623,0.0,0.0007246376811594203,0.004347826086956522,0.0,0.0014492753623188406,0.002898550724637681,0.0007246376811594203,0.0007246376811594203,0.0,0.0,0.0,0.0007246376811594203,0.0007246376811594203,0.0007246376811594203,0.0,0.0,0.005072463768115942,0.0036231884057971015,0.0014492753623188406,0.0014492753623188406,0.002898550724637681,0.002173913043478261,0.0014492753623188406,0.002173913043478261,0.0,0.002898550724637681,0.0007246376811594203,0.0007246376811594203,0.002173913043478261,0.005797101449275362,0.002173913043478261,0.0,0.0014492753623188406,0.0014492753623188406,0.0014492753623188406,0.005072463768115942,0.0014492753623188406,0.002898550724637681,0.0,0.005072463768115942,0.0007246376811594203,0.0,0.002898550724637681,0.0,0.0,0.0,0.0007246376811594203,0.0007246376811594203,0.0007246376811594203,0.0014492753623188406,0.0007246376811594203,0.0036231884057971015,0.012318840579710146,0.002173913043478261,0.0007246376811594203,0.006521739130434782,0.0014492753623188406,0.0,0.0014492753623188406,0.0014492753623188406,0.0014492753623188406,0.005072463768115942,0.0,0.002173913043478261,0.004347826086956522,0.002173913043478261,0.002898550724637681,0.0014492753623188406,0.010869565217391304,0.002173913043478261,0.0,0.0007246376811594203,0.0036231884057971015,0.0014492753623188406,0.005072463768115942,0.007246376811594203,0.002173913043478261,0.0014492753623188406,0.006521739130434782,0.002173913043478261,0.0014492753623188406,0.0,0.0,0.0,0.0014492753623188406,0.0007246376811594203,0.0014492753623188406,0.0007246376811594203,0.0014492753623188406,0.0007246376811594203,0.0007246376811594203,0.010144927536231883,0.002173913043478261,0.0007246376811594203,0.002898550724637681,0.0007246376811594203,0.0,0.002898550724637681,0.0007246376811594203,0.0,0.002173913043478261,0.0014492753623188406,0.0014492753623188406,0.002173913043478261,0.0007246376811594203,0.002173913043478261,0.004347826086956522,0.0,0.0007246376811594203,0.002898550724637681,0.0036231884057971015,0.0,0.0,0.0036231884057971015,0.002173913043478261,0.0014492753623188406,0.0007246376811594203,0.002173913043478261,0.0,0.0014492753623188406,0.005072463768115942,0.005072463768115942,0.0,0.0,0.0,0.005072463768115942,0.004347826086956522,0.007246376811594203,0.0,0.0007246376811594203,0.0,0.0,0.0,0.0014492753623188406,0.0,0.0014492753623188406,0.0036231884057971015,0.0007246376811594203,0.0014492753623188406,0.002173913043478261,0.002173913043478261,0.0036231884057971015,0.0014492753623188406,0.0014492753623188406,0.0,0.0,0.002898550724637681,0.0014492753623188406,0.002173913043478261,0.0007246376811594203,0.0007246376811594203,0.0014492753623188406,0.0,0.0,0.005797101449275362,0.0036231884057971015,0.0,0.0007246376811594203,0.004347826086956522,0.0,0.002173913043478261,0.0,0.0007246376811594203,0.0007246376811594203,0.002898550724637681,0.0007246376811594203,0.0007246376811594203,0.0014492753623188406,0.0007246376811594203,0.002173913043478261,0.0,0.002173913043478261,0.007246376811594203,0.0,0.0014492753623188406,0.0007246376811594203,0.002173913043478261,0.0007246376811594203,0.0007246376811594203,0.0014492753623188406,0.0,0.002173913043478261,0.0007246376811594203,0.002173913043478261,0.0,0.007246376811594203,0.0,0.0014492753623188406,0.0014492753623188406,0.0007246376811594203,0.006521739130434782,0.0007246376811594203,0.007246376811594203,0.0,0.0007246376811594203,0.0007246376811594203,0.002898550724637681,0.0,0.0014492753623188406,0.0014492753623188406,0.0014492753623188406,0.0036231884057971015,0.0007246376811594203,0.0007246376811594203,0.0007246376811594203,0.0007246376811594203,0.0014492753623188406,0.002173913043478261,0.0,0.0036231884057971015,0.002173913043478261,0.0007246376811594203,0.010144927536231883,0.002173913043478261,0.0014492753623188406,0.0,0.0014492753623188406,0.007971014492753623,0.002173913043478261,0.0014492753623188406,0.0036231884057971015,0.0007246376811594203,0.0007246376811594203,0.0014492753623188406,0.0,0.004347826086956522,0.0,0.002173913043478261,0.0,0.0,0.0014492753623188406,0.0,0.0007246376811594203,0.004347826086956522,0.0,0.0014492753623188406,0.0036231884057971015,0.0036231884057971015,0.002173913043478261,0.0014492753623188406,0.002173913043478261,0.0036231884057971015,0.0014492753623188406,0.0,0.0007246376811594203,0.0007246376811594203,0.006521739130434782,0.007246376811594203,0.002898550724637681,0.002173913043478261,0.002898550724637681,0.002898550724637681,0.0036231884057971015,0.002898550724637681,0.004347826086956522,0.010869565217391304,0.0,0.0014492753623188406,0.0014492753623188406,0.0007246376811594203,0.007971014492753623,0.002898550724637681,0.0,0.007246376811594203,0.0007246376811594203,0.0007246376811594203,0.0007246376811594203,0.007246376811594203,0.0007246376811594203,0.002898550724637681,0.002898550724637681,0.0014492753623188406,0.0007246376811594203,0.0007246376811594203,0.002173913043478261,0.0014492753623188406,0.0,0.002898550724637681,0.0007246376811594203,0.005797101449275362,0.004347826086956522,0.0007246376811594203,0.0014492753623188406,0.0,0.0007246376811594203,0.0007246376811594203,0.0014492753623188406,0.0014492753623188406,0.002173913043478261,0.0014492753623188406,0.002173913043478261,0.005072463768115942,0.002173913043478261,0.0007246376811594203,0.0014492753623188406
1802late85,0.001455604075691412,0.004366812227074236,0.005822416302765648,0.000727802037845706,0.00363901018922853,0.0,0.0,0.001455604075691412,0.005094614264919942,0.0,0.00727802037845706,0.000727802037845706,0.006550218340611353,0.000727802037845706,0.000727802037845706,0.001455604075691412,0.0,0.000727802037845706,0.00363901018922853,0.002911208151382824,0.005822416302765648,0.002911208151382824,0.005822416302765648,0.005822416302765648,0.0,0.0,0.0,0.00363901018922853,0.000727802037845706,0.002183406113537118,0.0,0.00363901018922853,0.010189228529839884,0.001455604075691412,0.001455604075691412,0.000727802037845706,0.008005822416302766,0.0,0.0,0.000727802037845706,0.0,0.001455604075691412,0.0,0.0,0.00363901018922853,0.001455604075691412,0.001455604075691412,0.00363901018922853,0.005094614264919942,0.006550218340611353,0.0,0.0,0.0,0.005094614264919942,0.000727802037845706,0.000727802037845706,0.000727802037845706,0.001455604075691412,0.001455604075691412,0.001455604075691412,0.002183406113537118,0.002911208151382824,0.010917030567685589,0.0,0.0,0.001455604075691412,0.006550218340611353,0.002183406113537118,0.001455604075691412,0.0,0.002183406113537118,0.0,0.0,0.000727802037845706,0.010917030567685589,0.002183406113537118,0.00363901018922853,0.000727802037845706,0.0,0.00363901018922853,0.002911208151382824,0.00363901018922853,0.00363901018922853,0.000727802037845706,0.002911208151382824,0.0,0.0,0.005822416302765648,0.001455604075691412,0.000727802037845706,0.0,0.006550218340611353,0.0,0.00363901018922853,0.0,0.000727802037845706,0.0,0.002911208151382824,0.002183406113537118,0.005094614264919942,0.001455604075691412,0.000727802037845706,0.000727802037845706,0.00363901018922853,0.002183406113537118,0.002911208151382824,0.000727802037845706,0.004366812227074236,0.00363901018922853,0.000727802037845706,0.002183406113537118,0.002183406113537118,0.000727802037845706,0.002183406113537118,0.001455604075691412,0.0,0.0,0.000727802037845706,0.000727802037845706,0.001455604075691412,0.002183406113537118,0.001455604075691412,0.0,0.001455604075691412,0.0,0.000727802037845706,0.002911208151382824,0.00363901018922853,0.002911208151382824,0.0,0.0,0.000727802037845706,0.0,0.000727802037845706,0.000727802037845706,0.002183406113537118,0.0,0.000727802037845706,0.000727802037845706,0.002183406113537118,0.002183406113537118,0.001455604075691412,0.0,0.0,0.0,0.002183406113537118,0.005094614264919942,0.001455604075691412,0.0,0.001455604075691412,0.0,0.001455604075691412,0.000727802037845706,0.001455604075691412,0.002183406113537118,0.000727802037845706,0.002183406113537118,0.0,0.001455604075691412,0.002183406113537118,0.002911208151382824,0.001455604075691412,0.0,0.0,0.0,0.0,0.0,0.00363901018922853,0.0,0.000727802037845706,0.0,0.0,0.0,0.002183406113537118,0.001455604075691412,0.000727802037845706,0.002183406113537118,0.002911208151382824,0.002911208151382824,0.0,0.0,0.001455604075691412,0.004366812227074236,0.0,0.0,0.006550218340611353,0.0,0.0,0.002911208151382824,0.001455604075691412,0.00363901018922853,0.0,0.001455604075691412,0.0,0.005094614264919942,0.0,0.000727802037845706,0.002911208151382824,0.0,0.001455604075691412,0.002911208151382824,0.002911208151382824,0.00363901018922853,0.002183406113537118,0.000727802037845706,0.00363901018922853,0.002911208151382824,0.00363901018922853,0.002183406113537118,0.002183406113537118,0.00363901018922853,0.002911208151382824,0.005094614264919942,0.00363901018922853,0.002183406113537118,0.001455604075691412,0.005822416302765648,0.002183406113537118,0.000727802037845706,0.008005822416302766,0.000727802037845706,0.000727802037845706,0.005094614264919942,0.0,0.001455604075691412,0.0,0.004366812227074236,0.000727802037845706,0.0,0.000727802037845706,0.0,0.0,0.0,0.00363901018922853,0.000727802037845706,0.001455604075691412,0.000727802037845706,0.002911208151382824,0.0,0.002911208151382824,0.0,0.001455604075691412,0.002911208151382824,0.000727802037845706,0.000727802037845706,0.002911208151382824,0.001455604075691412,0.002911208151382824,0.0,0.002911208151382824,0.001455604075691412,0.005822416302765648,0.002911208151382824,0.00363901018922853,0.004366812227074236,0.0,0.005094614264919942,0.001455604075691412,0.0,0.005094614264919942,0.0,0.002183406113537118,0.0,0.0,0.0,0.001455604075691412,0.002183406113537118,0.0,0.002911208151382824,0.00363901018922853,0.000727802037845706,0.000727802037845706,0.00363901018922853,0.001455604075691412,0.000727802037845706,0.002183406113537118,0.002911208151382824,0.00363901018922853,0.004366812227074236,0.0,0.0,0.008005822416302766,0.0,0.0,0.00363901018922853,0.005822416302765648,0.001455604075691412,0.000727802037845706,0.0,0.001455604075691412,0.001455604075691412,0.005822416302765648,0.004366812227074236,0.0,0.001455604075691412,0.002911208151382824,0.0,0.000727802037845706,0.000727802037845706,0.0,0.002183406113537118,0.0,0.0,0.002911208151382824,0.000727802037845706,0.002183406113537118,0.0,0.000727802037845706,0.001455604075691412,0.002911208151382824,0.00363901018922853,0.002183406113537118,0.0,0.0,0.000727802037845706,0.0,0.001455604075691412,0.002183406113537118,0.0,0.002183406113537118,0.00363901018922853,0.000727802037845706,0.001455604075691412,0.005094614264919942,0.001455604075691412,0.002911208151382824,0.001455604075691412,0.005094614264919942,0.0,0.000727802037845706,0.002183406113537118,0.005094614264919942,0.00363901018922853,0.0,0.004366812227074236,0.0,0.0,0.0,0.005094614264919942,0.002183406113537118,0.000727802037845706,0.000727802037845706,0.002911208151382824,0.002183406113537118,0.00727802037845706,0.0,0.004366812227074236,0.0,0.002183406113537118,0.001455604075691412,0.0,0.000727802037845706,0.002911208151382824,0.0,0.000727802037845706,0.002183406113537118,0.001455604075691412,0.00363901018922853,0.002183406113537118,0.005094614264919942,0.002183406113537118,0.0,0.0,0.00363901018922853,0.000727802037845706,0.002183406113537118,0.00363901018922853,0.0,0.002911208151382824,0.000727802037845706,0.0,0.009461426491994178,0.004366812227074236,0.000727802037845706,0.0,0.00727802037845706,0.000727802037845706,0.002183406113537118,0.0,0.004366812227074236,0.000727802037845706,0.005094614264919942,0.002183406113537118,0.002183406113537118,0.001455604075691412,0.00363901018922853,0.001455604075691412,0.0,0.00363901018922853,0.008005822416302766,0.000727802037845706,0.0,0.000727802037845706,0.002911208151382824,0.000727802037845706,0.000727802037845706,0.0,0.0,0.002183406113537118,0.0,0.006550218340611353,0.0,0.005822416302765648,0.001455604075691412,0.0,0.002183406113537118,0.0,0.010189228529839884,0.000727802037845706,0.013100436681222707,0.0,0.006550218340611353,0.0,0.002183406113537118,0.0,0.0,0.0,0.00363901018922853,0.0,0.000727802037845706,0.00363901018922853,0.001455604075691412,0.0,0.002911208151382824,0.001455604075691412,0.0,0.001455604075691412,0.002911208151382824,0.000727802037845706,0.004366812227074236,0.002183406113537118,0.002183406113537118,0.0,0.00363901018922853,0.005094614264919942,0.002911208151382824,0.002183406113537118,0.000727802037845706,0.002183406113537118,0.002911208151382824,0.002183406113537118,0.001455604075691412,0.005094614264919942,0.0,0.002183406113537118,0.0,0.000727802037845706,0.0,0.001455604075691412,0.002911208151382824,0.005094614264919942,0.0,0.0,0.002911208151382824,0.001455604075691412,0.002183406113537118,0.00363901018922853,0.002183406113537118,0.0,0.0,0.0,0.000727802037845706,0.001455604075691412,0.009461426491994178,0.004366812227074236,0.001455604075691412,0.001455604075691412,0.002911208151382824,0.004366812227074236,0.00363901018922853,0.002183406113537118,0.000727802037845706,0.001455604075691412,0.000727802037845706,0.00363901018922853,0.002183406113537118,0.005822416302765648,0.000727802037845706,0.000727802037845706,0.001455604075691412,0.002911208151382824,0.000727802037845706,0.0,0.000727802037845706,0.002183406113537118,0.002183406113537118,0.000727802037845706,0.000727802037845706,0.002183406113537118,0.0,0.001455604075691412,0.00363901018922853,0.000727802037845706,0.000727802037845706,0.0,0.0,0.006550218340611353,0.002911208151382824,0.0,0.002911208151382824,0.000727802037845706,0.001455604075691412,0.000727802037845706,0.005822416302765648,0.004366812227074236,0.00363901018922853,0.001455604075691412,0.000727802037845706,0.004366812227074236,0.0,0.001455604075691412,0.000727802037845706
1802late91,0.0009157509157509158,0.0027472527472527475,0.0027472527472527475,0.0009157509157509158,0.003663003663003663,0.0,0.0,0.0018315018315018315,0.0018315018315018315,0.0,0.003663003663003663,0.0009157509157509158,0.0,0.0,0.0,0.004578754578754579,0.0009157509157509158,0.0018315018315018315,0.0027472527472527475,0.0,0.004578754578754579,0.0009157509157509158,0.0018315018315018315,0.0027472527472527475,0.00641025641025641,0.0,0.0,0.0,0.0,0.0018315018315018315,0.0,0.0009157509157509158,0.014652014652014652,0.004578754578754579,0.0018315018315018315,0.0009157509157509158,0.003663003663003663,0.0,0.0018315018315018315,0.0009157509157509158,0.0,0.0009157509157509158,0.0,0.0,0.0018315018315018315,0.0027472527472527475,0.0018315018315018315,0.0009157509157509158,0.005494505494505495,0.0018315018315018315,0.0,0.0,0.0,0.0,0.0027472527472527475,0.0,0.0,0.0,0.0009157509157509158,0.0,0.0,0.0,0.005494505494505495,0.0,0.0,0.0009157509157509158,0.005494505494505495,0.0009157509157509158,0.0027472527472527475,0.0,0.0009157509157509158,0.0,0.0018315018315018315,0.0,0.00641025641025641,0.005494505494505495,0.0018315018315018315,0.0,0.0027472527472527475,0.0,0.0018315018315018315,0.0,0.004578754578754579,0.0,0.0,0.0,0.0,0.004578754578754579,0.0,0.0,0.0018315018315018315,0.0027472527472527475,0.0,0.0027472527472527475,0.0009157509157509158,0.003663003663003663,0.0,0.0018315018315018315,0.0027472527472527475,0.00641025641025641,0.0009157509157509158,0.0009157509157509158,0.0,0.0027472527472527475,0.003663003663003663,0.007326007326007326,0.0018315018315018315,0.004578754578754579,0.009157509157509158,0.0,0.0018315018315018315,0.0009157509157509158,0.0009157509157509158,0.0018315018315018315,0.0009157509157509158,0.0009157509157509158,0.0,0.0018315018315018315,0.0027472527472527475,0.0009157509157509158,0.003663003663003663,0.0,0.0,0.0009157509157509158,0.0,0.004578754578754579,0.0027472527472527475,0.0027472527472527475,0.0,0.0,0.0,0.0,0.0,0.0018315018315018315,0.0009157509157509158,0.005494505494505495,0.0,0.0,0.0018315018315018315,0.00641025641025641,0.005494505494505495,0.0,0.0,0.0,0.0,0.0009157509157509158,0.0027472527472527475,0.0018315018315018315,0.0,0.003663003663003663,0.0,0.0027472527472527475,0.0,0.0027472527472527475,0.0027472527472527475,0.0,0.00641025641025641,0.0,0.0027472527472527475,0.0027472527472527475,0.004578754578754579,0.0027472527472527475,0.0,0.0,0.0,0.0009157509157509158,0.0,0.0027472527472527475,0.0009157509157509158,0.0,0.0,0.0,0.0,0.003663003663003663,0.0027472527472527475,0.004578754578754579,0.0009157509157509158,0.004578754578754579,0.008241758241758242,0.0018315018315018315,0.0,0.0009157509157509158,0.003663003663003663,0.0,0.0,0.004578754578754579,0.0,0.0018315018315018315,0.004578754578754579,0.0009157509157509158,0.010073260073260074,0.0009157509157509158,0.0018315018315018315,0.0,0.003663003663003663,0.0,0.0009157509157509158,0.0027472527472527475,0.0027472527472527475,0.0009157509157509158,0.0018315018315018315,0.0018315018315018315,0.004578754578754579,0.0018315018315018315,0.0018315018315018315,0.0018315018315018315,0.0009157509157509158,0.0027472527472527475,0.0,0.0027472527472527475,0.0027472527472527475,0.004578754578754579,0.0018315018315018315,0.0027472527472527475,0.0027472527472527475,0.0027472527472527475,0.01098901098901099,0.0027472527472527475,0.0027472527472527475,0.003663003663003663,0.0009157509157509158,0.0018315018315018315,0.0018315018315018315,0.0009157509157509158,0.0027472527472527475,0.0009157509157509158,0.003663003663003663,0.0018315018315018315,0.0,0.0009157509157509158,0.0,0.0009157509157509158,0.0,0.0027472527472527475,0.0,0.008241758241758242,0.0,0.003663003663003663,0.0,0.0018315018315018315,0.0,0.0,0.0,0.0,0.0018315018315018315,0.005494505494505495,0.0018315018315018315,0.00641025641025641,0.0018315018315018315,0.003663003663003663,0.0018315018315018315,0.005494505494505495,0.004578754578754579,0.003663003663003663,0.0009157509157509158,0.0027472527472527475,0.0018315018315018315,0.0018315018315018315,0.0,0.004578754578754579,0.0018315018315018315,0.0,0.0,0.0018315018315018315,0.0,0.0009157509157509158,0.0,0.0018315018315018315,0.004578754578754579,0.003663003663003663,0.0,0.0,0.0,0.0,0.004578754578754579,0.003663003663003663,0.0018315018315018315,0.004578754578754579,0.003663003663003663,0.0,0.0009157509157509158,0.0173992673992674,0.0009157509157509158,0.0,0.0018315018315018315,0.005494505494505495,0.0,0.0,0.0,0.0027472527472527475,0.0,0.0009157509157509158,0.004578754578754579,0.0,0.0,0.004578754578754579,0.0009157509157509158,0.0,0.0018315018315018315,0.0,0.0,0.004578754578754579,0.0,0.00641025641025641,0.0009157509157509158,0.0009157509157509158,0.0,0.0,0.0009157509157509158,0.0027472527472527475,0.005494505494505495,0.0018315018315018315,0.0,0.0,0.0009157509157509158,0.0,0.0009157509157509158,0.0,0.0,0.0,0.004578754578754579,0.0009157509157509158,0.0,0.003663003663003663,0.0,0.005494505494505495,0.0,0.0009157509157509158,0.0,0.0,0.0009157509157509158,0.004578754578754579,0.003663003663003663,0.0,0.0027472527472527475,0.005494505494505495,0.004578754578754579,0.0027472527472527475,0.008241758241758242,0.0018315018315018315,0.0009157509157509158,0.0,0.004578754578754579,0.003663003663003663,0.007326007326007326,0.0,0.00641025641025641,0.0,0.0018315018315018315,0.0,0.0,0.0009157509157509158,0.0009157509157509158,0.0,0.0,0.0,0.0,0.0027472527472527475,0.0018315018315018315,0.0027472527472527475,0.003663003663003663,0.0,0.0009157509157509158,0.003663003663003663,0.0009157509157509158,0.007326007326007326,0.0009157509157509158,0.0,0.0,0.004578754578754579,0.0,0.003663003663003663,0.0027472527472527475,0.0009157509157509158,0.0,0.007326007326007326,0.0,0.004578754578754579,0.0,0.0,0.0,0.0018315018315018315,0.0,0.0009157509157509158,0.00641025641025641,0.0009157509157509158,0.0027472527472527475,0.0,0.0027472527472527475,0.010073260073260074,0.0,0.0,0.0,0.005494505494505495,0.0,0.0027472527472527475,0.0,0.0009157509157509158,0.0009157509157509158,0.0,0.003663003663003663,0.0009157509157509158,0.003663003663003663,0.0027472527472527475,0.0,0.0018315018315018315,0.0,0.0018315018315018315,0.0,0.008241758241758242,0.0,0.005494505494505495,0.0,0.0018315018315018315,0.0,0.0009157509157509158,0.0009157509157509158,0.0027472527472527475,0.0,0.0,0.003663003663003663,0.0027472527472527475,0.0,0.0018315018315018315,0.0,0.0,0.003663003663003663,0.0027472527472527475,0.0,0.004578754578754579,0.0009157509157509158,0.0,0.0,0.0027472527472527475,0.00641025641025641,0.004578754578754579,0.0009157509157509158,0.0009157509157509158,0.0,0.0027472527472527475,0.0027472527472527475,0.0,0.003663003663003663,0.0,0.01098901098901099,0.0,0.0,0.0009157509157509158,0.0027472527472527475,0.0009157509157509158,0.00641025641025641,0.0,0.0,0.004578754578754579,0.003663003663003663,0.0009157509157509158,0.0027472527472527475,0.0009157509157509158,0.0,0.005494505494505495,0.0009157509157509158,0.0009157509157509158,0.0009157509157509158,0.003663003663003663,0.0027472527472527475,0.0,0.01098901098901099,0.0018315018315018315,0.00641025641025641,0.007326007326007326,0.00641025641025641,0.005494505494505495,0.0009157509157509158,0.0,0.004578754578754579,0.0018315018315018315,0.0027472527472527475,0.004578754578754579,0.0,0.0018315018315018315,0.003663003663003663,0.0018315018315018315,0.0009157509157509158,0.0009157509157509158,0.010073260073260074,0.0018315018315018315,0.0018315018315018315,0.00641025641025641,0.005494505494505495,0.0009157509157509158,0.0009157509157509158,0.0,0.0,0.0,0.0018315018315018315,0.0,0.0,0.0027472527472527475,0.0,0.0009157509157509158,0.0009157509157509158,0.0,0.0,0.0027472527472527475,0.007326007326007326,0.0018315018315018315,0.0018315018315018315,0.0009157509157509158,0.003663003663003663,0.0009157509157509158,0.0,0.0009157509157509158
1802late90,0.0009505703422053232,0.0028517110266159697,0.0019011406844106464,0.0009505703422053232,0.0028517110266159697,0.0009505703422053232,0.0,0.0009505703422053232,0.012357414448669201,0.0,0.0028517110266159697,0.0,0.010456273764258554,0.0,0.0,0.008555133079847909,0.0,0.0028517110266159697,0.0038022813688212928,0.0,0.004752851711026616,0.0,0.0,0.0009505703422053232,0.0,0.0,0.0,0.0,0.0,0.0028517110266159697,0.0009505703422053232,0.0019011406844106464,0.019011406844106463,0.0,0.0019011406844106464,0.0009505703422053232,0.006653992395437262,0.0,0.0009505703422053232,0.0009505703422053232,0.0009505703422053232,0.0009505703422053232,0.0,0.0009505703422053232,0.0028517110266159697,0.0,0.0038022813688212928,0.005703422053231939,0.0028517110266159697,0.0019011406844106464,0.0,0.0,0.0,0.0,0.0,0.0009505703422053232,0.0,0.0,0.0028517110266159697,0.0038022813688212928,0.0,0.0009505703422053232,0.006653992395437262,0.0,0.0,0.0,0.0076045627376425855,0.0038022813688212928,0.0028517110266159697,0.0,0.0009505703422053232,0.0019011406844106464,0.0,0.0,0.006653992395437262,0.005703422053231939,0.0019011406844106464,0.0009505703422053232,0.0,0.0028517110266159697,0.0019011406844106464,0.004752851711026616,0.0019011406844106464,0.0,0.005703422053231939,0.0,0.0,0.0009505703422053232,0.0009505703422053232,0.0009505703422053232,0.0009505703422053232,0.0019011406844106464,0.0,0.004752851711026616,0.0,0.0,0.0,0.005703422053231939,0.0028517110266159697,0.0038022813688212928,0.0009505703422053232,0.0,0.0009505703422053232,0.0019011406844106464,0.004752851711026616,0.005703422053231939,0.0,0.006653992395437262,0.004752851711026616,0.0,0.0019011406844106464,0.0009505703422053232,0.0,0.0009505703422053232,0.0,0.0019011406844106464,0.0,0.0019011406844106464,0.0019011406844106464,0.004752851711026616,0.0,0.0,0.0,0.0009505703422053232,0.0,0.0009505703422053232,0.0038022813688212928,0.0038022813688212928,0.009505703422053232,0.0,0.0,0.0,0.0,0.0028517110266159697,0.0,0.006653992395437262,0.0009505703422053232,0.0,0.0019011406844106464,0.005703422053231939,0.0076045627376425855,0.0,0.0,0.0009505703422053232,0.0009505703422053232,0.0009505703422053232,0.004752851711026616,0.0019011406844106464,0.0,0.0009505703422053232,0.0,0.0019011406844106464,0.0,0.0019011406844106464,0.0,0.0,0.0019011406844106464,0.0,0.0009505703422053232,0.0028517110266159697,0.0019011406844106464,0.0,0.0,0.0,0.0,0.0,0.0,0.0009505703422053232,0.0,0.0,0.0,0.0009505703422053232,0.0,0.0,0.0019011406844106464,0.0038022813688212928,0.0,0.006653992395437262,0.0019011406844106464,0.0009505703422053232,0.0,0.0019011406844106464,0.006653992395437262,0.0,0.0,0.0009505703422053232,0.0009505703422053232,0.0,0.006653992395437262,0.0,0.005703422053231939,0.0009505703422053232,0.004752851711026616,0.0,0.004752851711026616,0.0,0.0,0.005703422053231939,0.0009505703422053232,0.0009505703422053232,0.0028517110266159697,0.0009505703422053232,0.004752851711026616,0.0038022813688212928,0.0,0.0009505703422053232,0.0019011406844106464,0.005703422053231939,0.0009505703422053232,0.004752851711026616,0.0009505703422053232,0.0038022813688212928,0.004752851711026616,0.0009505703422053232,0.0038022813688212928,0.005703422053231939,0.0009505703422053232,0.0019011406844106464,0.0,0.005703422053231939,0.0,0.0009505703422053232,0.0,0.0,0.0028517110266159697,0.0009505703422053232,0.0,0.0,0.0009505703422053232,0.0019011406844106464,0.0,0.0,0.0,0.004752851711026616,0.0,0.0028517110266159697,0.0,0.0038022813688212928,0.0,0.0,0.0009505703422053232,0.0,0.0,0.0009505703422053232,0.0,0.009505703422053232,0.004752851711026616,0.0019011406844106464,0.0038022813688212928,0.0028517110266159697,0.004752851711026616,0.0,0.0028517110266159697,0.0019011406844106464,0.0009505703422053232,0.0,0.0038022813688212928,0.0009505703422053232,0.0,0.0019011406844106464,0.0009505703422053232,0.0009505703422053232,0.0,0.005703422053231939,0.0,0.0009505703422053232,0.0,0.0,0.0028517110266159697,0.004752851711026616,0.0009505703422053232,0.0,0.0019011406844106464,0.0009505703422053232,0.0009505703422053232,0.008555133079847909,0.0019011406844106464,0.0038022813688212928,0.0038022813688212928,0.0,0.0,0.008555133079847909,0.0019011406844106464,0.0009505703422053232,0.0019011406844106464,0.006653992395437262,0.0009505703422053232,0.0,0.0,0.005703422053231939,0.0,0.0038022813688212928,0.0028517110266159697,0.0,0.0009505703422053232,0.010456273764258554,0.0,0.0,0.0,0.0,0.0,0.0009505703422053232,0.0,0.005703422053231939,0.0009505703422053232,0.0009505703422053232,0.0009505703422053232,0.0,0.0009505703422053232,0.0028517110266159697,0.0028517110266159697,0.0076045627376425855,0.0,0.0,0.0019011406844106464,0.0,0.0,0.0019011406844106464,0.0,0.0009505703422053232,0.0038022813688212928,0.0,0.0009505703422053232,0.0,0.0,0.004752851711026616,0.0009505703422053232,0.0019011406844106464,0.0,0.0009505703422053232,0.004752851711026616,0.005703422053231939,0.0028517110266159697,0.0009505703422053232,0.0,0.0019011406844106464,0.0009505703422053232,0.0009505703422053232,0.004752851711026616,0.0,0.0,0.0,0.0038022813688212928,0.0038022813688212928,0.006653992395437262,0.0,0.0038022813688212928,0.0009505703422053232,0.0019011406844106464,0.0,0.0,0.0009505703422053232,0.0009505703422053232,0.0,0.0,0.0,0.0,0.004752851711026616,0.0019011406844106464,0.009505703422053232,0.004752851711026616,0.0,0.0,0.0038022813688212928,0.0028517110266159697,0.0019011406844106464,0.0,0.0009505703422053232,0.0009505703422053232,0.0,0.0,0.005703422053231939,0.010456273764258554,0.0,0.0,0.004752851711026616,0.0,0.004752851711026616,0.0,0.0,0.0,0.0028517110266159697,0.0,0.0038022813688212928,0.013307984790874524,0.0009505703422053232,0.0009505703422053232,0.0,0.0038022813688212928,0.015209125475285171,0.0009505703422053232,0.0,0.0,0.004752851711026616,0.0,0.0009505703422053232,0.0,0.0,0.0,0.0009505703422053232,0.0009505703422053232,0.0,0.005703422053231939,0.0,0.0,0.0019011406844106464,0.0,0.0076045627376425855,0.0,0.004752851711026616,0.0,0.009505703422053232,0.0,0.0028517110266159697,0.0,0.0,0.0,0.004752851711026616,0.0009505703422053232,0.0,0.0,0.0,0.0,0.005703422053231939,0.0019011406844106464,0.0,0.0019011406844106464,0.0009505703422053232,0.0009505703422053232,0.006653992395437262,0.0028517110266159697,0.0009505703422053232,0.0,0.0038022813688212928,0.015209125475285171,0.006653992395437262,0.0038022813688212928,0.0009505703422053232,0.0,0.0,0.004752851711026616,0.0,0.005703422053231939,0.0,0.0028517110266159697,0.0,0.0,0.0,0.0,0.0,0.005703422053231939,0.0,0.0,0.0038022813688212928,0.004752851711026616,0.0019011406844106464,0.0038022813688212928,0.004752851711026616,0.0,0.0019011406844106464,0.0,0.0009505703422053232,0.0,0.005703422053231939,0.0076045627376425855,0.0019011406844106464,0.0019011406844106464,0.0028517110266159697,0.005703422053231939,0.0038022813688212928,0.0009505703422053232,0.0019011406844106464,0.0,0.0,0.0038022813688212928,0.0009505703422053232,0.0038022813688212928,0.0038022813688212928,0.0028517110266159697,0.0,0.005703422053231939,0.0009505703422053232,0.0,0.0009505703422053232,0.005703422053231939,0.0009505703422053232,0.004752851711026616,0.004752851711026616,0.0038022813688212928,0.0,0.0009505703422053232,0.0019011406844106464,0.0,0.0,0.0009505703422053232,0.0009505703422053232,0.0028517110266159697,0.0038022813688212928,0.0,0.0009505703422053232,0.0,0.0,0.0,0.004752851711026616,0.0,0.004752851711026616,0.0038022813688212928,0.0,0.0038022813688212928,0.0,0.0019011406844106464,0.0028517110266159697
1802late84,0.0031120331950207467,0.0031120331950207467,0.0,0.001037344398340249,0.001037344398340249,0.0,0.002074688796680498,0.03941908713692946,0.0,0.001037344398340249,0.0,0.04564315352697095,0.0,0.0,0.0031120331950207467,0.0,0.004149377593360996,0.002074688796680498,0.0,0.002074688796680498,0.002074688796680498,0.002074688796680498,0.005186721991701245,0.002074688796680498,0.007261410788381743,0.0,0.0,0.0,0.0031120331950207467,0.001037344398340249,0.002074688796680498,0.00933609958506224,0.0,0.004149377593360996,0.0,0.0,0.0,0.005186721991701245,0.0,0.0,0.0,0.0,0.0,0.001037344398340249,0.001037344398340249,0.004149377593360996,0.002074688796680498,0.007261410788381743,0.001037344398340249,0.0,0.0,0.002074688796680498,0.001037344398340249,0.002074688796680498,0.0,0.0,0.002074688796680498,0.0,0.0031120331950207467,0.001037344398340249,0.0,0.002074688796680498,0.0,0.001037344398340249,0.0,0.005186721991701245,0.0,0.001037344398340249,0.002074688796680498,0.0031120331950207467,0.0031120331950207467,0.0,0.001037344398340249,0.011410788381742738,0.005186721991701245,0.0031120331950207467,0.0,0.0,0.005186721991701245,0.0,0.002074688796680498,0.002074688796680498,0.0,0.002074688796680498,0.0,0.001037344398340249,0.0031120331950207467,0.0,0.0,0.0,0.00933609958506224,0.0,0.0031120331950207467,0.001037344398340249,0.0,0.0,0.002074688796680498,0.0,0.007261410788381743,0.0,0.0031120331950207467,0.0031120331950207467,0.001037344398340249,0.0031120331950207467,0.002074688796680498,0.002074688796680498,0.0,0.004149377593360996,0.0,0.002074688796680498,0.001037344398340249,0.0,0.00933609958506224,0.0031120331950207467,0.001037344398340249,0.0,0.0,0.001037344398340249,0.001037344398340249,0.0,0.0,0.0,0.002074688796680498,0.0,0.0,0.002074688796680498,0.004149377593360996,0.01037344398340249,0.0,0.0,0.0,0.0,0.0,0.001037344398340249,0.002074688796680498,0.0,0.0,0.0,0.0031120331950207467,0.0,0.0,0.001037344398340249,0.0,0.001037344398340249,0.001037344398340249,0.001037344398340249,0.0,0.0,0.002074688796680498,0.0,0.002074688796680498,0.0,0.005186721991701245,0.001037344398340249,0.0,0.002074688796680498,0.0,0.002074688796680498,0.004149377593360996,0.0,0.0,0.001037344398340249,0.0,0.001037344398340249,0.0,0.0,0.001037344398340249,0.0,0.0,0.0,0.0,0.0,0.001037344398340249,0.0031120331950207467,0.0031120331950207467,0.0,0.008298755186721992,0.002074688796680498,0.0,0.0,0.004149377593360996,0.002074688796680498,0.002074688796680498,0.001037344398340249,0.004149377593360996,0.0,0.001037344398340249,0.004149377593360996,0.0,0.0031120331950207467,0.0,0.0031120331950207467,0.001037344398340249,0.0,0.0,0.0,0.0,0.001037344398340249,0.0,0.005186721991701245,0.001037344398340249,0.002074688796680498,0.0,0.0,0.0031120331950207467,0.001037344398340249,0.0031120331950207467,0.001037344398340249,0.004149377593360996,0.0031120331950207467,0.001037344398340249,0.008298755186721992,0.007261410788381743,0.006224066390041493,0.001037344398340249,0.002074688796680498,0.001037344398340249,0.004149377593360996,0.001037344398340249,0.0,0.006224066390041493,0.0,0.0,0.001037344398340249,0.0,0.004149377593360996,0.001037344398340249,0.001037344398340249,0.002074688796680498,0.0,0.001037344398340249,0.0,0.002074688796680498,0.002074688796680498,0.01037344398340249,0.0,0.008298755186721992,0.0,0.0,0.002074688796680498,0.0,0.0,0.0,0.001037344398340249,0.0031120331950207467,0.0,0.002074688796680498,0.0031120331950207467,0.0,0.002074688796680498,0.0031120331950207467,0.005186721991701245,0.002074688796680498,0.005186721991701245,0.001037344398340249,0.0,0.0,0.002074688796680498,0.0,0.0,0.001037344398340249,0.001037344398340249,0.0,0.006224066390041493,0.0,0.001037344398340249,0.0,0.0,0.0,0.0,0.002074688796680498,0.0,0.002074688796680498,0.001037344398340249,0.0,0.0031120331950207467,0.0,0.001037344398340249,0.001037344398340249,0.0,0.0,0.0,0.0,0.0,0.002074688796680498,0.0,0.0,0.0,0.0,0.0,0.0,0.001037344398340249,0.012448132780082987,0.001037344398340249,0.0,0.008298755186721992,0.0,0.0,0.0,0.0,0.001037344398340249,0.001037344398340249,0.0,0.002074688796680498,0.0,0.0031120331950207467,0.001037344398340249,0.0,0.013485477178423237,0.0031120331950207467,0.004149377593360996,0.006224066390041493,0.0,0.001037344398340249,0.0,0.001037344398340249,0.001037344398340249,0.002074688796680498,0.002074688796680498,0.0,0.0,0.0,0.0,0.005186721991701245,0.0,0.004149377593360996,0.002074688796680498,0.0,0.0,0.0,0.011410788381742738,0.001037344398340249,0.001037344398340249,0.0,0.0031120331950207467,0.005186721991701245,0.001037344398340249,0.005186721991701245,0.001037344398340249,0.0031120331950207467,0.002074688796680498,0.0,0.0031120331950207467,0.004149377593360996,0.001037344398340249,0.0,0.001037344398340249,0.0,0.001037344398340249,0.0,0.0,0.001037344398340249,0.006224066390041493,0.0031120331950207467,0.001037344398340249,0.0,0.001037344398340249,0.0031120331950207467,0.006224066390041493,0.0031120331950207467,0.002074688796680498,0.0,0.0,0.004149377593360996,0.0,0.0,0.0,0.0,0.001037344398340249,0.0,0.0,0.002074688796680498,0.004149377593360996,0.0,0.0,0.002074688796680498,0.0,0.005186721991701245,0.0,0.002074688796680498,0.0,0.008298755186721992,0.001037344398340249,0.0,0.005186721991701245,0.005186721991701245,0.008298755186721992,0.0,0.006224066390041493,0.012448132780082987,0.0,0.0,0.001037344398340249,0.002074688796680498,0.0031120331950207467,0.0,0.0,0.001037344398340249,0.0,0.0,0.006224066390041493,0.0,0.011410788381742738,0.005186721991701245,0.0,0.002074688796680498,0.0,0.001037344398340249,0.0,0.015560165975103735,0.002074688796680498,0.00933609958506224,0.001037344398340249,0.005186721991701245,0.0,0.0,0.0,0.002074688796680498,0.002074688796680498,0.002074688796680498,0.001037344398340249,0.0031120331950207467,0.001037344398340249,0.0,0.004149377593360996,0.0,0.001037344398340249,0.0,0.0,0.006224066390041493,0.0031120331950207467,0.0,0.0,0.001037344398340249,0.007261410788381743,0.0031120331950207467,0.0031120331950207467,0.0,0.0,0.0,0.007261410788381743,0.0,0.002074688796680498,0.0,0.005186721991701245,0.0,0.0,0.0,0.0,0.001037344398340249,0.0,0.0,0.0,0.004149377593360996,0.004149377593360996,0.0,0.0,0.008298755186721992,0.005186721991701245,0.001037344398340249,0.0031120331950207467,0.0,0.0,0.011410788381742738,0.0031120331950207467,0.0,0.0,0.0,0.002074688796680498,0.0,0.0,0.002074688796680498,0.008298755186721992,0.0,0.001037344398340249,0.0,0.0031120331950207467,0.002074688796680498,0.0,0.001037344398340249,0.006224066390041493,0.002074688796680498,0.0,0.0,0.001037344398340249,0.001037344398340249,0.0031120331950207467,0.001037344398340249,0.001037344398340249,0.0,0.0,0.002074688796680498,0.0,0.0,0.001037344398340249,0.002074688796680498,0.002074688796680498,0.005186721991701245,0.0,0.007261410788381743,0.0,0.001037344398340249,0.001037344398340249,0.0031120331950207467,0.0031120331950207467,0.006224066390041493,0.002074688796680498,0.001037344398340249,0.006224066390041493,0.0,0.002074688796680498,0.002074688796680498
1802late80,0.0019704433497536944,0.007881773399014778,0.002955665024630542,0.003940886699507389,0.003940886699507389,0.0,0.0,0.0019704433497536944,0.005911330049261084,0.0,0.0049261083743842365,0.0049261083743842365,0.0009852216748768472,0.0,0.0,0.005911330049261084,0.0,0.002955665024630542,0.005911330049261084,0.0,0.002955665024630542,0.0019704433497536944,0.005911330049261084,0.003940886699507389,0.0,0.0009852216748768472,0.0,0.0,0.0,0.0009852216748768472,0.0,0.0019704433497536944,0.011822660098522168,0.002955665024630542,0.005911330049261084,0.0,0.005911330049261084,0.0019704433497536944,0.0,0.003940886699507389,0.0,0.0,0.0,0.0009852216748768472,0.0019704433497536944,0.0,0.0009852216748768472,0.002955665024630542,0.0019704433497536944,0.0049261083743842365,0.0,0.0,0.0,0.0,0.0,0.0,0.0009852216748768472,0.0009852216748768472,0.0019704433497536944,0.0009852216748768472,0.0,0.0,0.013793103448275862,0.0009852216748768472,0.0,0.0009852216748768472,0.002955665024630542,0.0019704433497536944,0.002955665024630542,0.0,0.0019704433497536944,0.0,0.0009852216748768472,0.0,0.013793103448275862,0.002955665024630542,0.0009852216748768472,0.0009852216748768472,0.0,0.0009852216748768472,0.0,0.002955665024630542,0.0,0.0,0.002955665024630542,0.0,0.0,0.0019704433497536944,0.0,0.0,0.0,0.008866995073891626,0.0,0.006896551724137931,0.0,0.0,0.0,0.003940886699507389,0.006896551724137931,0.0049261083743842365,0.0019704433497536944,0.0009852216748768472,0.0,0.0009852216748768472,0.005911330049261084,0.0019704433497536944,0.0,0.0049261083743842365,0.003940886699507389,0.0009852216748768472,0.003940886699507389,0.0,0.0,0.006896551724137931,0.0009852216748768472,0.0,0.0,0.0009852216748768472,0.0,0.0,0.006896551724137931,0.0009852216748768472,0.0,0.003940886699507389,0.0,0.0049261083743842365,0.002955665024630542,0.003940886699507389,0.0019704433497536944,0.0,0.0,0.0,0.0,0.005911330049261084,0.0,0.007881773399014778,0.0,0.0,0.0019704433497536944,0.0049261083743842365,0.006896551724137931,0.0,0.0,0.0,0.0,0.0,0.003940886699507389,0.002955665024630542,0.0,0.0019704433497536944,0.0,0.0019704433497536944,0.0,0.002955665024630542,0.0009852216748768472,0.0,0.002955665024630542,0.0,0.0,0.0019704433497536944,0.007881773399014778,0.0,0.0,0.0,0.0,0.0,0.0,0.0009852216748768472,0.0,0.0,0.0,0.0,0.0,0.002955665024630542,0.0009852216748768472,0.003940886699507389,0.0009852216748768472,0.005911330049261084,0.0009852216748768472,0.002955665024630542,0.0,0.0009852216748768472,0.006896551724137931,0.0,0.0,0.0049261083743842365,0.0009852216748768472,0.0,0.0049261083743842365,0.0,0.008866995073891626,0.0009852216748768472,0.0049261083743842365,0.0,0.0049261083743842365,0.0,0.0,0.0019704433497536944,0.0,0.0009852216748768472,0.0,0.0,0.0049261083743842365,0.002955665024630542,0.0009852216748768472,0.0009852216748768472,0.0019704433497536944,0.002955665024630542,0.0019704433497536944,0.0,0.005911330049261084,0.0049261083743842365,0.002955665024630542,0.0049261083743842365,0.0019704433497536944,0.0009852216748768472,0.017733990147783252,0.003940886699507389,0.0009852216748768472,0.0009852216748768472,0.0009852216748768472,0.0019704433497536944,0.0,0.0,0.002955665024630542,0.0009852216748768472,0.006896551724137931,0.0,0.0,0.0,0.0,0.0,0.0,0.0009852216748768472,0.0,0.0019704433497536944,0.0,0.003940886699507389,0.0,0.0009852216748768472,0.0,0.0,0.0019704433497536944,0.0009852216748768472,0.0,0.003940886699507389,0.0009852216748768472,0.0049261083743842365,0.003940886699507389,0.002955665024630542,0.005911330049261084,0.006896551724137931,0.0019704433497536944,0.006896551724137931,0.0,0.0,0.005911330049261084,0.0,0.0,0.002955665024630542,0.0009852216748768472,0.0,0.0,0.0049261083743842365,0.0,0.0019704433497536944,0.0009852216748768472,0.0,0.0009852216748768472,0.002955665024630542,0.0009852216748768472,0.0009852216748768472,0.0,0.0,0.0009852216748768472,0.003940886699507389,0.0009852216748768472,0.003940886699507389,0.0019704433497536944,0.0,0.0009852216748768472,0.012807881773399015,0.0009852216748768472,0.0,0.0019704433497536944,0.007881773399014778,0.0,0.0,0.0009852216748768472,0.0019704433497536944,0.0009852216748768472,0.005911330049261084,0.005911330049261084,0.0,0.0,0.0049261083743842365,0.0009852216748768472,0.0,0.0009852216748768472,0.0,0.0,0.0009852216748768472,0.0,0.002955665024630542,0.0009852216748768472,0.0009852216748768472,0.0,0.0,0.003940886699507389,0.002955665024630542,0.0009852216748768472,0.002955665024630542,0.0,0.0009852216748768472,0.008866995073891626,0.0,0.0,0.0019704433497536944,0.0,0.0009852216748768472,0.0009852216748768472,0.0009852216748768472,0.0009852216748768472,0.003940886699507389,0.0,0.003940886699507389,0.0,0.003940886699507389,0.0,0.0,0.0,0.0049261083743842365,0.0049261083743842365,0.0,0.002955665024630542,0.0049261083743842365,0.002955665024630542,0.0019704433497536944,0.008866995073891626,0.0019704433497536944,0.0,0.0,0.002955665024630542,0.003940886699507389,0.0049261083743842365,0.0,0.0019704433497536944,0.0,0.0,0.0,0.0,0.0,0.0049261083743842365,0.0,0.0,0.0,0.0009852216748768472,0.0009852216748768472,0.0019704433497536944,0.003940886699507389,0.0019704433497536944,0.0,0.0,0.0,0.0,0.003940886699507389,0.0019704433497536944,0.0009852216748768472,0.0,0.0,0.0,0.002955665024630542,0.0049261083743842365,0.0,0.0009852216748768472,0.006896551724137931,0.0,0.006896551724137931,0.0,0.002955665024630542,0.0019704433497536944,0.003940886699507389,0.0,0.0,0.0009852216748768472,0.002955665024630542,0.0019704433497536944,0.0,0.0,0.01083743842364532,0.0,0.0,0.0,0.003940886699507389,0.0,0.0049261083743842365,0.0009852216748768472,0.0,0.0,0.0009852216748768472,0.0,0.0,0.006896551724137931,0.0019704433497536944,0.0,0.002955665024630542,0.0,0.002955665024630542,0.0,0.002955665024630542,0.0,0.006896551724137931,0.0,0.006896551724137931,0.0,0.0019704433497536944,0.0009852216748768472,0.006896551724137931,0.0,0.0,0.0019704433497536944,0.0019704433497536944,0.0009852216748768472,0.002955665024630542,0.003940886699507389,0.0,0.003940886699507389,0.0,0.0009852216748768472,0.007881773399014778,0.003940886699507389,0.0,0.0,0.002955665024630542,0.008866995073891626,0.008866995073891626,0.0009852216748768472,0.0019704433497536944,0.0,0.0009852216748768472,0.005911330049261084,0.0009852216748768472,0.003940886699507389,0.0,0.003940886699507389,0.0,0.0009852216748768472,0.0,0.0,0.0,0.006896551724137931,0.0,0.0,0.006896551724137931,0.002955665024630542,0.0019704433497536944,0.002955665024630542,0.0049261083743842365,0.0,0.0049261083743842365,0.0,0.0009852216748768472,0.0009852216748768472,0.007881773399014778,0.003940886699507389,0.0009852216748768472,0.0009852216748768472,0.006896551724137931,0.0049261083743842365,0.003940886699507389,0.002955665024630542,0.0,0.0,0.0,0.0,0.0,0.002955665024630542,0.0019704433497536944,0.0,0.0009852216748768472,0.002955665024630542,0.0009852216748768472,0.0,0.0,0.003940886699507389,0.0,0.0019704433497536944,0.0019704433497536944,0.002955665024630542,0.0,0.0,0.0,0.0,0.0,0.0,0.0,0.0,0.003940886699507389,0.0,0.0,0.0,0.0,0.0,0.0049261083743842365,0.014778325123152709,0.0019704433497536944,0.0049261083743842365,0.0009852216748768472,0.0019704433497536944,0.0,0.0,0.002955665024630542
1802late94,0.004246284501061571,0.0074309978768577496,0.0010615711252653928,0.0021231422505307855,0.0010615711252653928,0.0,0.0031847133757961785,0.028662420382165606,0.0,0.0031847133757961785,0.0,0.03503184713375796,0.0010615711252653928,0.0021231422505307855,0.005307855626326964,0.0,0.0010615711252653928,0.004246284501061571,0.0,0.0010615711252653928,0.0,0.004246284501061571,0.004246284501061571,0.0,0.0,0.0,0.004246284501061571,0.0,0.0,0.0010615711252653928,0.0,0.01167728237791932,0.0010615711252653928,0.0010615711252653928,0.0,0.0,0.0010615711252653928,0.0010615711252653928,0.0010615711252653928,0.0,0.0010615711252653928,0.0,0.0,0.0010615711252653928,0.0,0.0010615711252653928,0.0021231422505307855,0.0021231422505307855,0.0010615711252653928,0.0,0.0,0.0,0.0021231422505307855,0.0,0.0,0.0,0.0010615711252653928,0.0,0.0021231422505307855,0.0010615711252653928,0.0010615711252653928,0.0,0.0010615711252653928,0.0,0.0,0.01167728237791932,0.0010615711252653928,0.0031847133757961785,0.0,0.0010615711252653928,0.0,0.0010615711252653928,0.0021231422505307855,0.0,0.0021231422505307855,0.004246284501061571,0.0021231422505307855,0.0,0.005307855626326964,0.005307855626326964,0.0,0.0021231422505307855,0.0,0.0031847133757961785,0.0,0.0,0.0021231422505307855,0.0,0.0,0.0,0.0021231422505307855,0.0,0.006369426751592357,0.0,0.01592356687898089,0.0,0.0031847133757961785,0.005307855626326964,0.009554140127388535,0.0,0.0021231422505307855,0.004246284501061571,0.0031847133757961785,0.0021231422505307855,0.0,0.0010615711252653928,0.0021231422505307855,0.004246284501061571,0.0,0.004246284501061571,0.0021231422505307855,0.0,0.0031847133757961785,0.0031847133757961785,0.0,0.0,0.0,0.0,0.0021231422505307855,0.0,0.0,0.0,0.0010615711252653928,0.0,0.0021231422505307855,0.0021231422505307855,0.005307855626326964,0.016985138004246284,0.0,0.0,0.0,0.0,0.0010615711252653928,0.0,0.0,0.0010615711252653928,0.0,0.0,0.0031847133757961785,0.0010615711252653928,0.0,0.0010615711252653928,0.0,0.0010615711252653928,0.0021231422505307855,0.0,0.004246284501061571,0.0010615711252653928,0.0031847133757961785,0.0,0.0021231422505307855,0.0010615711252653928,0.0031847133757961785,0.0031847133757961785,0.0010615711252653928,0.0010615711252653928,0.0021231422505307855,0.0,0.006369426751592357,0.0,0.0,0.0,0.0,0.0,0.0,0.0010615711252653928,0.0010615711252653928,0.0010615711252653928,0.0010615711252653928,0.0,0.0010615711252653928,0.0,0.0031847133757961785,0.004246284501061571,0.0031847133757961785,0.0,0.0010615711252653928,0.008492569002123142,0.0010615711252653928,0.0,0.0031847133757961785,0.0031847133757961785,0.0,0.0010615711252653928,0.0031847133757961785,0.0,0.0010615711252653928,0.0021231422505307855,0.0031847133757961785,0.0021231422505307855,0.0,0.0010615711252653928,0.0,0.0010615711252653928,0.0,0.0,0.0010615711252653928,0.0,0.0,0.0021231422505307855,0.0,0.0010615711252653928,0.0010615711252653928,0.0,0.006369426751592357,0.0010615711252653928,0.0031847133757961785,0.0021231422505307855,0.0031847133757961785,0.0031847133757961785,0.0,0.01167728237791932,0.006369426751592357,0.006369426751592357,0.0,0.0031847133757961785,0.004246284501061571,0.0031847133757961785,0.004246284501061571,0.0,0.0021231422505307855,0.0010615711252653928,0.0,0.0010615711252653928,0.0010615711252653928,0.0010615711252653928,0.0010615711252653928,0.0,0.0010615711252653928,0.0010615711252653928,0.0,0.0,0.0010615711252653928,0.0,0.005307855626326964,0.0,0.0021231422505307855,0.0,0.0,0.0010615711252653928,0.0,0.0010615711252653928,0.0,0.0,0.004246284501061571,0.0010615711252653928,0.0010615711252653928,0.0021231422505307855,0.0010615711252653928,0.006369426751592357,0.004246284501061571,0.0021231422505307855,0.004246284501061571,0.008492569002123142,0.0010615711252653928,0.0,0.0021231422505307855,0.0010615711252653928,0.0,0.004246284501061571,0.0031847133757961785,0.0021231422505307855,0.0,0.0010615711252653928,0.0010615711252653928,0.004246284501061571,0.0,0.0021231422505307855,0.0031847133757961785,0.0010615711252653928,0.0010615711252653928,0.0,0.0031847133757961785,0.0,0.0,0.005307855626326964,0.0,0.0021231422505307855,0.0010615711252653928,0.0,0.0,0.0021231422505307855,0.0,0.0010615711252653928,0.0021231422505307855,0.0010615711252653928,0.0010615711252653928,0.0,0.0,0.0031847133757961785,0.0,0.004246284501061571,0.0021231422505307855,0.0,0.0010615711252653928,0.004246284501061571,0.0010615711252653928,0.0,0.0010615711252653928,0.0,0.0010615711252653928,0.004246284501061571,0.0,0.005307855626326964,0.0,0.0,0.0010615711252653928,0.0,0.0021231422505307855,0.0010615711252653928,0.0031847133757961785,0.004246284501061571,0.0,0.0,0.0021231422505307855,0.0,0.0,0.0010615711252653928,0.0,0.0,0.0,0.0,0.0,0.008492569002123142,0.0,0.0010615711252653928,0.0,0.0,0.0,0.0021231422505307855,0.013800424628450107,0.006369426751592357,0.0031847133757961785,0.0,0.005307855626326964,0.0021231422505307855,0.0010615711252653928,0.0010615711252653928,0.0021231422505307855,0.0021231422505307855,0.0,0.0,0.0021231422505307855,0.0021231422505307855,0.0,0.0010615711252653928,0.0031847133757961785,0.0021231422505307855,0.004246284501061571,0.0031847133757961785,0.0,0.0,0.005307855626326964,0.0,0.0010615711252653928,0.0,0.0,0.004246284501061571,0.0010615711252653928,0.0021231422505307855,0.004246284501061571,0.0,0.0,0.0010615711252653928,0.0,0.0021231422505307855,0.0,0.0021231422505307855,0.0010615711252653928,0.0010615711252653928,0.0,0.0010615711252653928,0.0031847133757961785,0.0010615711252653928,0.0,0.0010615711252653928,0.0,0.0031847133757961785,0.0,0.0021231422505307855,0.0010615711252653928,0.009554140127388535,0.0,0.0,0.004246284501061571,0.005307855626326964,0.006369426751592357,0.0010615711252653928,0.0021231422505307855,0.014861995753715499,0.0,0.0,0.0,0.005307855626326964,0.0,0.0,0.0021231422505307855,0.0,0.0,0.0,0.004246284501061571,0.0,0.0031847133757961785,0.0031847133757961785,0.0010615711252653928,0.0010615711252653928,0.0,0.0010615711252653928,0.0,0.006369426751592357,0.0,0.005307855626326964,0.0,0.004246284501061571,0.0010615711252653928,0.0,0.0010615711252653928,0.004246284501061571,0.0,0.0,0.0021231422505307855,0.0010615711252653928,0.0010615711252653928,0.0021231422505307855,0.004246284501061571,0.0,0.0,0.004246284501061571,0.0021231422505307855,0.006369426751592357,0.0031847133757961785,0.0,0.0010615711252653928,0.0031847133757961785,0.012738853503184714,0.006369426751592357,0.005307855626326964,0.0,0.0021231422505307855,0.0,0.0074309978768577496,0.0010615711252653928,0.0010615711252653928,0.0,0.0074309978768577496,0.0021231422505307855,0.0,0.0,0.0010615711252653928,0.0010615711252653928,0.0,0.0,0.0010615711252653928,0.006369426751592357,0.0021231422505307855,0.0010615711252653928,0.0,0.0074309978768577496,0.0010615711252653928,0.006369426751592357,0.0,0.0,0.0,0.005307855626326964,0.008492569002123142,0.0,0.0,0.004246284501061571,0.0031847133757961785,0.0,0.0,0.0010615711252653928,0.0010615711252653928,0.0,0.0010615711252653928,0.0,0.004246284501061571,0.006369426751592357,0.0,0.0010615711252653928,0.005307855626326964,0.0021231422505307855,0.0,0.0010615711252653928,0.004246284501061571,0.0010615711252653928,0.0031847133757961785,0.0010615711252653928,0.0031847133757961785,0.0,0.0,0.004246284501061571,0.0,0.0,0.0021231422505307855,0.0010615711252653928,0.0,0.0031847133757961785,0.0010615711252653928,0.006369426751592357,0.0,0.0,0.0,0.006369426751592357,0.004246284501061571,0.004246284501061571,0.0031847133757961785,0.0,0.010615711252653927,0.0010615711252653928,0.0010615711252653928,0.0031847133757961785
1802late95,0.004679144385026738,0.004010695187165776,0.001336898395721925,0.0006684491978609625,0.004679144385026738,0.0,0.0,0.00267379679144385,0.008021390374331552,0.0,0.0033422459893048127,0.0006684491978609625,0.008689839572192513,0.0006684491978609625,0.0,0.001336898395721925,0.0006684491978609625,0.002005347593582888,0.0033422459893048127,0.001336898395721925,0.007352941176470588,0.0,0.0006684491978609625,0.0006684491978609625,0.0,0.0,0.001336898395721925,0.0006684491978609625,0.0006684491978609625,0.0006684491978609625,0.0,0.004010695187165776,0.008021390374331552,0.0,0.0,0.0006684491978609625,0.008021390374331552,0.0,0.0,0.002005347593582888,0.0,0.001336898395721925,0.0,0.001336898395721925,0.004010695187165776,0.001336898395721925,0.002005347593582888,0.00267379679144385,0.0006684491978609625,0.004010695187165776,0.0,0.0006684491978609625,0.0,0.004010695187165776,0.0006684491978609625,0.0006684491978609625,0.002005347593582888,0.0,0.00267379679144385,0.0006684491978609625,0.001336898395721925,0.002005347593582888,0.004010695187165776,0.002005347593582888,0.0006684491978609625,0.002005347593582888,0.006016042780748663,0.004679144385026738,0.001336898395721925,0.0,0.0033422459893048127,0.0,0.0006684491978609625,0.0006684491978609625,0.004679144385026738,0.00267379679144385,0.00267379679144385,0.00267379679144385,0.0006684491978609625,0.00267379679144385,0.002005347593582888,0.0006684491978609625,0.0033422459893048127,0.002005347593582888,0.002005347593582888,0.001336898395721925,0.0,0.0053475935828877,0.0006684491978609625,0.0006684491978609625,0.001336898395721925,0.001336898395721925,0.0,0.00267379679144385,0.001336898395721925,0.009358288770053475,0.0006684491978609625,0.001336898395721925,0.0033422459893048127,0.0033422459893048127,0.002005347593582888,0.001336898395721925,0.002005347593582888,0.0033422459893048127,0.00267379679144385,0.0033422459893048127,0.0006684491978609625,0.0053475935828877,0.006016042780748663,0.0006684491978609625,0.0033422459893048127,0.002005347593582888,0.002005347593582888,0.0,0.0006684491978609625,0.00267379679144385,0.0,0.002005347593582888,0.00267379679144385,0.0,0.0033422459893048127,0.00267379679144385,0.0,0.0006684491978609625,0.002005347593582888,0.0006684491978609625,0.002005347593582888,0.004010695187165776,0.0033422459893048127,0.0006684491978609625,0.0,0.0,0.0,0.00267379679144385,0.0006684491978609625,0.0033422459893048127,0.0006684491978609625,0.0,0.00267379679144385,0.002005347593582888,0.002005347593582888,0.001336898395721925,0.0,0.0,0.004679144385026738,0.0033422459893048127,0.007352941176470588,0.0033422459893048127,0.001336898395721925,0.002005347593582888,0.0006684491978609625,0.002005347593582888,0.0,0.0033422459893048127,0.0033422459893048127,0.0006684491978609625,0.002005347593582888,0.001336898395721925,0.00267379679144385,0.0006684491978609625,0.004010695187165776,0.0006684491978609625,0.0,0.0,0.002005347593582888,0.0,0.001336898395721925,0.0006684491978609625,0.0006684491978609625,0.0,0.0,0.004679144385026738,0.0,0.0033422459893048127,0.00267379679144385,0.001336898395721925,0.0006684491978609625,0.004679144385026738,0.008689839572192513,0.00267379679144385,0.0,0.0006684491978609625,0.002005347593582888,0.002005347593582888,0.0,0.011363636363636364,0.002005347593582888,0.00267379679144385,0.004010695187165776,0.0,0.008021390374331552,0.0006684491978609625,0.001336898395721925,0.0006684491978609625,0.00267379679144385,0.001336898395721925,0.004679144385026738,0.0066844919786096255,0.0006684491978609625,0.002005347593582888,0.0006684491978609625,0.001336898395721925,0.004010695187165776,0.0053475935828877,0.0,0.002005347593582888,0.0006684491978609625,0.00267379679144385,0.002005347593582888,0.001336898395721925,0.0033422459893048127,0.00267379679144385,0.004010695187165776,0.0,0.004679144385026738,0.0,0.0006684491978609625,0.002005347593582888,0.001336898395721925,0.004010695187165776,0.00267379679144385,0.00267379679144385,0.006016042780748663,0.0,0.00267379679144385,0.00267379679144385,0.001336898395721925,0.001336898395721925,0.0,0.0006684491978609625,0.001336898395721925,0.0,0.0,0.002005347593582888,0.0,0.0006684491978609625,0.0,0.00267379679144385,0.0,0.00267379679144385,0.0,0.0,0.00267379679144385,0.0,0.00267379679144385,0.001336898395721925,0.002005347593582888,0.001336898395721925,0.0,0.00267379679144385,0.0033422459893048127,0.0053475935828877,0.004679144385026738,0.004010695187165776,0.0033422459893048127,0.001336898395721925,0.0053475935828877,0.00267379679144385,0.0,0.0033422459893048127,0.0006684491978609625,0.001336898395721925,0.0,0.001336898395721925,0.0006684491978609625,0.0033422459893048127,0.0033422459893048127,0.0,0.001336898395721925,0.004010695187165776,0.001336898395721925,0.001336898395721925,0.00267379679144385,0.002005347593582888,0.00267379679144385,0.0033422459893048127,0.0033422459893048127,0.001336898395721925,0.007352941176470588,0.0,0.0006684491978609625,0.006016042780748663,0.0033422459893048127,0.00267379679144385,0.0006684491978609625,0.0033422459893048127,0.001336898395721925,0.0,0.0006684491978609625,0.004010695187165776,0.002005347593582888,0.0006684491978609625,0.001336898395721925,0.0,0.002005347593582888,0.004010695187165776,0.0,0.0,0.0006684491978609625,0.0,0.0,0.00267379679144385,0.0,0.0006684491978609625,0.0033422459893048127,0.001336898395721925,0.0006684491978609625,0.0,0.001336898395721925,0.001336898395721925,0.002005347593582888,0.00267379679144385,0.0006684491978609625,0.0006684491978609625,0.0,0.004679144385026738,0.0,0.0033422459893048127,0.0,0.002005347593582888,0.0033422459893048127,0.0006684491978609625,0.0006684491978609625,0.0033422459893048127,0.0006684491978609625,0.0033422459893048127,0.002005347593582888,0.006016042780748663,0.0006684491978609625,0.0,0.007352941176470588,0.004010695187165776,0.001336898395721925,0.0,0.0006684491978609625,0.001336898395721925,0.0,0.0,0.004679144385026738,0.0053475935828877,0.0006684491978609625,0.0,0.00267379679144385,0.002005347593582888,0.008021390374331552,0.0,0.0006684491978609625,0.0,0.001336898395721925,0.0,0.0006684491978609625,0.0,0.00267379679144385,0.0,0.002005347593582888,0.00267379679144385,0.0,0.0006684491978609625,0.00267379679144385,0.006016042780748663,0.001336898395721925,0.0,0.0,0.004679144385026738,0.002005347593582888,0.0053475935828877,0.004679144385026738,0.00267379679144385,0.0,0.0,0.0,0.0053475935828877,0.0033422459893048127,0.0006684491978609625,0.0,0.004679144385026738,0.0,0.002005347593582888,0.0,0.001336898395721925,0.0033422459893048127,0.002005347593582888,0.002005347593582888,0.001336898395721925,0.00267379679144385,0.0033422459893048127,0.002005347593582888,0.0,0.00267379679144385,0.006016042780748663,0.0,0.0,0.0,0.001336898395721925,0.0,0.0006684491978609625,0.0006684491978609625,0.001336898395721925,0.001336898395721925,0.002005347593582888,0.00267379679144385,0.0,0.0006684491978609625,0.0,0.0,0.001336898395721925,0.0,0.004010695187165776,0.0006684491978609625,0.007352941176470588,0.0,0.002005347593582888,0.0,0.0033422459893048127,0.001336898395721925,0.001336898395721925,0.001336898395721925,0.004010695187165776,0.0,0.0006684491978609625,0.0053475935828877,0.0006684491978609625,0.001336898395721925,0.0033422459893048127,0.001336898395721925,0.0,0.001336898395721925,0.0,0.0006684491978609625,0.0033422459893048127,0.0006684491978609625,0.0,0.0,0.0033422459893048127,0.0066844919786096255,0.0006684491978609625,0.0006684491978609625,0.0033422459893048127,0.001336898395721925,0.00267379679144385,0.002005347593582888,0.001336898395721925,0.006016042780748663,0.0,0.004679144385026738,0.0006684491978609625,0.0006684491978609625,0.0,0.001336898395721925,0.001336898395721925,0.006016042780748663,0.0,0.002005347593582888,0.002005347593582888,0.00267379679144385,0.0033422459893048127,0.004679144385026738,0.004010695187165776,0.0006684491978609625,0.0033422459893048127,0.0,0.002005347593582888,0.0033422459893048127,0.00267379679144385,0.0053475935828877,0.001336898395721925,0.0,0.0006684491978609625,0.0053475935828877,0.002005347593582888,0.004010695187165776,0.004010695187165776,0.0006684491978609625,0.0006684491978609625,0.004010695187165776,0.00267379679144385,0.001336898395721925,0.001336898395721925,0.0033422459893048127,0.0,0.004679144385026738,0.0,0.001336898395721925,0.00267379679144385,0.0053475935828877,0.00267379679144385,0.002005347593582888,0.002005347593582888,0.0053475935828877,0.0006684491978609625,0.001336898395721925,0.0,0.001336898395721925,0.0006684491978609625,0.00267379679144385,0.0006684491978609625,0.0033422459893048127,0.001336898395721925,0.0,0.001336898395721925,0.0006684491978609625,0.0006684491978609625,0.0006684491978609625,0.002005347593582888,0.0033422459893048127,0.002005347593582888,0.001336898395721925,0.002005347593582888,0.006016042780748663,0.0006684491978609625,0.004010695187165776,0.001336898395721925
1802late81,0.002457002457002457,0.002457002457002457,0.002457002457002457,0.001638001638001638,0.003276003276003276,0.0,0.001638001638001638,0.001638001638001638,0.00819000819000819,0.0,0.001638001638001638,0.003276003276003276,0.003276003276003276,0.002457002457002457,0.0,0.005733005733005733,0.0,0.003276003276003276,0.004095004095004095,0.0,0.006552006552006552,0.0,0.0,0.006552006552006552,0.0,0.0,0.0,0.001638001638001638,0.002457002457002457,0.003276003276003276,0.0,0.000819000819000819,0.009009009009009009,0.004095004095004095,0.002457002457002457,0.000819000819000819,0.004095004095004095,0.002457002457002457,0.000819000819000819,0.001638001638001638,0.001638001638001638,0.0,0.0,0.000819000819000819,0.004914004914004914,0.000819000819000819,0.002457002457002457,0.003276003276003276,0.002457002457002457,0.004095004095004095,0.0,0.000819000819000819,0.0,0.004095004095004095,0.004095004095004095,0.0,0.001638001638001638,0.0,0.002457002457002457,0.003276003276003276,0.0,0.001638001638001638,0.005733005733005733,0.000819000819000819,0.0,0.006552006552006552,0.005733005733005733,0.004914004914004914,0.001638001638001638,0.0,0.002457002457002457,0.0,0.003276003276003276,0.000819000819000819,0.00819000819000819,0.005733005733005733,0.000819000819000819,0.000819000819000819,0.0,0.003276003276003276,0.000819000819000819,0.002457002457002457,0.000819000819000819,0.0,0.003276003276003276,0.0,0.0,0.0,0.000819000819000819,0.000819000819000819,0.0,0.000819000819000819,0.0,0.003276003276003276,0.001638001638001638,0.002457002457002457,0.000819000819000819,0.002457002457002457,0.003276003276003276,0.004914004914004914,0.003276003276003276,0.001638001638001638,0.0,0.004095004095004095,0.007371007371007371,0.002457002457002457,0.0,0.003276003276003276,0.004095004095004095,0.001638001638001638,0.002457002457002457,0.0,0.000819000819000819,0.002457002457002457,0.000819000819000819,0.001638001638001638,0.0,0.004095004095004095,0.001638001638001638,0.0,0.002457002457002457,0.0,0.0,0.0,0.001638001638001638,0.003276003276003276,0.003276003276003276,0.006552006552006552,0.007371007371007371,0.000819000819000819,0.0,0.0,0.0,0.000819000819000819,0.001638001638001638,0.004914004914004914,0.0,0.001638001638001638,0.000819000819000819,0.004914004914004914,0.003276003276003276,0.0,0.0,0.0,0.0,0.0,0.00819000819000819,0.001638001638001638,0.0,0.001638001638001638,0.0,0.000819000819000819,0.0,0.005733005733005733,0.002457002457002457,0.002457002457002457,0.002457002457002457,0.001638001638001638,0.001638001638001638,0.001638001638001638,0.003276003276003276,0.003276003276003276,0.0,0.0,0.000819000819000819,0.0,0.0,0.003276003276003276,0.001638001638001638,0.0,0.0,0.000819000819000819,0.0,0.0,0.002457002457002457,0.002457002457002457,0.0,0.001638001638001638,0.005733005733005733,0.000819000819000819,0.0,0.000819000819000819,0.002457002457002457,0.0,0.000819000819000819,0.001638001638001638,0.001638001638001638,0.0,0.002457002457002457,0.0,0.006552006552006552,0.000819000819000819,0.001638001638001638,0.0,0.002457002457002457,0.0,0.002457002457002457,0.004914004914004914,0.0,0.000819000819000819,0.004914004914004914,0.002457002457002457,0.005733005733005733,0.000819000819000819,0.0,0.000819000819000819,0.001638001638001638,0.001638001638001638,0.001638001638001638,0.003276003276003276,0.004914004914004914,0.001638001638001638,0.000819000819000819,0.001638001638001638,0.000819000819000819,0.002457002457002457,0.015561015561015561,0.002457002457002457,0.0,0.005733005733005733,0.001638001638001638,0.000819000819000819,0.004095004095004095,0.0,0.000819000819000819,0.0,0.003276003276003276,0.001638001638001638,0.0,0.000819000819000819,0.0,0.0,0.0,0.002457002457002457,0.0,0.005733005733005733,0.0,0.005733005733005733,0.0,0.003276003276003276,0.000819000819000819,0.0,0.001638001638001638,0.0,0.001638001638001638,0.004095004095004095,0.004095004095004095,0.003276003276003276,0.002457002457002457,0.002457002457002457,0.000819000819000819,0.003276003276003276,0.004095004095004095,0.0,0.000819000819000819,0.000819000819000819,0.001638001638001638,0.000819000819000819,0.0,0.002457002457002457,0.0,0.001638001638001638,0.0,0.000819000819000819,0.000819000819000819,0.002457002457002457,0.0,0.000819000819000819,0.004095004095004095,0.005733005733005733,0.000819000819000819,0.0,0.0,0.0,0.005733005733005733,0.001638001638001638,0.0,0.002457002457002457,0.004095004095004095,0.0,0.000819000819000819,0.009009009009009009,0.003276003276003276,0.0,0.000819000819000819,0.009828009828009828,0.000819000819000819,0.0,0.0,0.002457002457002457,0.0,0.002457002457002457,0.001638001638001638,0.0,0.0,0.007371007371007371,0.0,0.0,0.001638001638001638,0.0,0.0,0.0,0.0,0.002457002457002457,0.000819000819000819,0.0,0.001638001638001638,0.001638001638001638,0.001638001638001638,0.000819000819000819,0.000819000819000819,0.002457002457002457,0.002457002457002457,0.0,0.001638001638001638,0.0,0.000819000819000819,0.000819000819000819,0.000819000819000819,0.003276003276003276,0.002457002457002457,0.001638001638001638,0.001638001638001638,0.001638001638001638,0.0,0.000819000819000819,0.0,0.002457002457002457,0.0,0.0,0.003276003276003276,0.004095004095004095,0.001638001638001638,0.0,0.000819000819000819,0.002457002457002457,0.000819000819000819,0.000819000819000819,0.007371007371007371,0.004095004095004095,0.001638001638001638,0.0,0.002457002457002457,0.003276003276003276,0.007371007371007371,0.0,0.003276003276003276,0.0,0.001638001638001638,0.0,0.000819000819000819,0.0,0.001638001638001638,0.0,0.0,0.000819000819000819,0.002457002457002457,0.004914004914004914,0.001638001638001638,0.002457002457002457,0.006552006552006552,0.0,0.0,0.001638001638001638,0.000819000819000819,0.002457002457002457,0.000819000819000819,0.0,0.0,0.001638001638001638,0.0,0.00819000819000819,0.004914004914004914,0.0,0.0,0.012285012285012284,0.000819000819000819,0.002457002457002457,0.0,0.001638001638001638,0.001638001638001638,0.000819000819000819,0.000819000819000819,0.000819000819000819,0.012285012285012284,0.003276003276003276,0.001638001638001638,0.0,0.004095004095004095,0.009009009009009009,0.002457002457002457,0.0,0.0,0.004095004095004095,0.0,0.000819000819000819,0.0,0.001638001638001638,0.000819000819000819,0.0,0.001638001638001638,0.0,0.005733005733005733,0.001638001638001638,0.0,0.000819000819000819,0.0,0.007371007371007371,0.0,0.006552006552006552,0.002457002457002457,0.009009009009009009,0.0,0.00819000819000819,0.0,0.005733005733005733,0.001638001638001638,0.003276003276003276,0.0,0.000819000819000819,0.003276003276003276,0.0,0.000819000819000819,0.003276003276003276,0.001638001638001638,0.0,0.003276003276003276,0.000819000819000819,0.000819000819000819,0.006552006552006552,0.001638001638001638,0.0,0.0,0.003276003276003276,0.007371007371007371,0.002457002457002457,0.007371007371007371,0.000819000819000819,0.001638001638001638,0.0,0.005733005733005733,0.000819000819000819,0.004095004095004095,0.0,0.004095004095004095,0.0,0.0,0.0,0.0,0.000819000819000819,0.007371007371007371,0.0,0.0,0.004095004095004095,0.002457002457002457,0.001638001638001638,0.002457002457002457,0.002457002457002457,0.0,0.003276003276003276,0.0,0.002457002457002457,0.001638001638001638,0.007371007371007371,0.003276003276003276,0.002457002457002457,0.001638001638001638,0.001638001638001638,0.006552006552006552,0.007371007371007371,0.004914004914004914,0.002457002457002457,0.000819000819000819,0.000819000819000819,0.000819000819000819,0.000819000819000819,0.003276003276003276,0.001638001638001638,0.0,0.0,0.002457002457002457,0.000819000819000819,0.000819000819000819,0.0,0.002457002457002457,0.000819000819000819,0.005733005733005733,0.002457002457002457,0.006552006552006552,0.0,0.0,0.0,0.0,0.0,0.0,0.0,0.002457002457002457,0.001638001638001638,0.0,0.001638001638001638,0.000819000819000819,0.001638001638001638,0.001638001638001638,0.004914004914004914,0.001638001638001638,0.003276003276003276,0.003276003276003276,0.0,0.004095004095004095,0.0,0.000819000819000819,0.000819000819000819
1802late97,0.004990642545227698,0.0018714909544603868,0.0018714909544603868,0.0012476606363069245,0.0056144728633811605,0.0,0.0,0.0018714909544603868,0.0037429819089207735,0.0,0.002495321272613849,0.0006238303181534623,0.002495321272613849,0.0006238303181534623,0.0,0.0006238303181534623,0.0,0.0,0.0018714909544603868,0.002495321272613849,0.006238303181534623,0.0012476606363069245,0.004366812227074236,0.0018714909544603868,0.0,0.0006238303181534623,0.0,0.002495321272613849,0.0006238303181534623,0.002495321272613849,0.0,0.0006238303181534623,0.006238303181534623,0.0006238303181534623,0.0031191515907673115,0.0031191515907673115,0.007485963817841547,0.0006238303181534623,0.0,0.0012476606363069245,0.0,0.0012476606363069245,0.0,0.0012476606363069245,0.0056144728633811605,0.0012476606363069245,0.002495321272613849,0.0031191515907673115,0.0006238303181534623,0.0031191515907673115,0.0,0.0012476606363069245,0.0,0.004366812227074236,0.004366812227074236,0.0006238303181534623,0.002495321272613849,0.0006238303181534623,0.0037429819089207735,0.0056144728633811605,0.0012476606363069245,0.0018714909544603868,0.0037429819089207735,0.0012476606363069245,0.0018714909544603868,0.004990642545227698,0.004990642545227698,0.006238303181534623,0.0,0.0,0.0018714909544603868,0.0,0.002495321272613849,0.002495321272613849,0.004366812227074236,0.004366812227074236,0.0006238303181534623,0.0012476606363069245,0.0,0.0031191515907673115,0.0018714909544603868,0.002495321272613849,0.0006238303181534623,0.0012476606363069245,0.0,0.0,0.0,0.0031191515907673115,0.0,0.0006238303181534623,0.0037429819089207735,0.0031191515907673115,0.0,0.0006238303181534623,0.0037429819089207735,0.0012476606363069245,0.0012476606363069245,0.0012476606363069245,0.0012476606363069245,0.0031191515907673115,0.0031191515907673115,0.0006238303181534623,0.0012476606363069245,0.0012476606363069245,0.007485963817841547,0.0018714909544603868,0.0031191515907673115,0.0037429819089207735,0.0018714909544603868,0.0,0.0,0.0012476606363069245,0.0031191515907673115,0.002495321272613849,0.0006238303181534623,0.004366812227074236,0.0,0.002495321272613849,0.0037429819089207735,0.0,0.0037429819089207735,0.004366812227074236,0.0,0.0012476606363069245,0.002495321272613849,0.0012476606363069245,0.0006238303181534623,0.0056144728633811605,0.0012476606363069245,0.0,0.0,0.0,0.0,0.004366812227074236,0.0,0.006862133499688085,0.0012476606363069245,0.0,0.004366812227074236,0.0018714909544603868,0.002495321272613849,0.0018714909544603868,0.0,0.0006238303181534623,0.0012476606363069245,0.0006238303181534623,0.004990642545227698,0.0031191515907673115,0.0,0.0006238303181534623,0.0,0.0006238303181534623,0.0,0.0037429819089207735,0.002495321272613849,0.002495321272613849,0.0037429819089207735,0.0006238303181534623,0.0031191515907673115,0.0031191515907673115,0.004990642545227698,0.0012476606363069245,0.0,0.0,0.0006238303181534623,0.0,0.0,0.0031191515907673115,0.0012476606363069245,0.0006238303181534623,0.0,0.0006238303181534623,0.0,0.002495321272613849,0.0,0.002495321272613849,0.002495321272613849,0.0,0.002495321272613849,0.0006238303181534623,0.0,0.002495321272613849,0.0056144728633811605,0.0,0.0,0.002495321272613849,0.0031191515907673115,0.004366812227074236,0.002495321272613849,0.0,0.006862133499688085,0.0012476606363069245,0.0012476606363069245,0.0,0.006862133499688085,0.0006238303181534623,0.0006238303181534623,0.004990642545227698,0.0,0.004366812227074236,0.0012476606363069245,0.0018714909544603868,0.004990642545227698,0.0031191515907673115,0.0,0.0018714909544603868,0.0031191515907673115,0.002495321272613849,0.0018714909544603868,0.0012476606363069245,0.002495321272613849,0.004366812227074236,0.008109794135995009,0.0006238303181534623,0.0006238303181534623,0.0012476606363069245,0.0037429819089207735,0.0018714909544603868,0.0031191515907673115,0.002495321272613849,0.0006238303181534623,0.0012476606363069245,0.004366812227074236,0.0,0.002495321272613849,0.0,0.0012476606363069245,0.0012476606363069245,0.0,0.0006238303181534623,0.0006238303181534623,0.0006238303181534623,0.0,0.002495321272613849,0.0,0.0056144728633811605,0.0006238303181534623,0.0018714909544603868,0.0,0.0037429819089207735,0.0,0.0006238303181534623,0.0031191515907673115,0.0006238303181534623,0.002495321272613849,0.0012476606363069245,0.0031191515907673115,0.002495321272613849,0.004366812227074236,0.004990642545227698,0.002495321272613849,0.0037429819089207735,0.0037429819089207735,0.0018714909544603868,0.0018714909544603868,0.0012476606363069245,0.0056144728633811605,0.0,0.0006238303181534623,0.0012476606363069245,0.0012476606363069245,0.0,0.0,0.0012476606363069245,0.0,0.0037429819089207735,0.004990642545227698,0.0,0.002495321272613849,0.004990642545227698,0.0018714909544603868,0.0006238303181534623,0.0,0.0,0.0031191515907673115,0.0031191515907673115,0.004990642545227698,0.0018714909544603868,0.007485963817841547,0.0,0.0018714909544603868,0.009357454772301934,0.0056144728633811605,0.0012476606363069245,0.0,0.004366812227074236,0.0012476606363069245,0.0,0.0006238303181534623,0.0018714909544603868,0.0012476606363069245,0.002495321272613849,0.0012476606363069245,0.0,0.0,0.0037429819089207735,0.0006238303181534623,0.0006238303181534623,0.0006238303181534623,0.0,0.0006238303181534623,0.0012476606363069245,0.0012476606363069245,0.002495321272613849,0.0031191515907673115,0.0006238303181534623,0.0006238303181534623,0.0012476606363069245,0.0012476606363069245,0.0031191515907673115,0.0012476606363069245,0.0012476606363069245,0.002495321272613849,0.0,0.0018714909544603868,0.0018714909544603868,0.0006238303181534623,0.004366812227074236,0.0,0.0031191515907673115,0.007485963817841547,0.0,0.0031191515907673115,0.0031191515907673115,0.0012476606363069245,0.0006238303181534623,0.006238303181534623,0.004366812227074236,0.0,0.0,0.0012476606363069245,0.004990642545227698,0.0,0.0006238303181534623,0.002495321272613849,0.002495321272613849,0.002495321272613849,0.0018714909544603868,0.0018714909544603868,0.0006238303181534623,0.0,0.0006238303181534623,0.0012476606363069245,0.0006238303181534623,0.0056144728633811605,0.0,0.0012476606363069245,0.0,0.0006238303181534623,0.0,0.0018714909544603868,0.0006238303181534623,0.0037429819089207735,0.0,0.0012476606363069245,0.0031191515907673115,0.002495321272613849,0.0018714909544603868,0.0031191515907673115,0.0031191515907673115,0.002495321272613849,0.0,0.0,0.006238303181534623,0.002495321272613849,0.0018714909544603868,0.0018714909544603868,0.0006238303181534623,0.0018714909544603868,0.0,0.0,0.0018714909544603868,0.0012476606363069245,0.0006238303181534623,0.0018714909544603868,0.004366812227074236,0.0,0.0012476606363069245,0.0,0.0012476606363069245,0.0037429819089207735,0.0006238303181534623,0.0012476606363069245,0.0012476606363069245,0.0056144728633811605,0.0031191515907673115,0.002495321272613849,0.0,0.0012476606363069245,0.013100436681222707,0.0012476606363069245,0.0,0.0,0.004366812227074236,0.0,0.0012476606363069245,0.0,0.0037429819089207735,0.0018714909544603868,0.0006238303181534623,0.0018714909544603868,0.0006238303181534623,0.0037429819089207735,0.002495321272613849,0.0,0.0018714909544603868,0.0,0.0031191515907673115,0.0,0.0056144728633811605,0.0,0.004990642545227698,0.0,0.002495321272613849,0.0006238303181534623,0.006238303181534623,0.0,0.0031191515907673115,0.0,0.0006238303181534623,0.0018714909544603868,0.0006238303181534623,0.0018714909544603868,0.004366812227074236,0.0012476606363069245,0.0,0.0006238303181534623,0.0012476606363069245,0.0012476606363069245,0.004366812227074236,0.0018714909544603868,0.0012476606363069245,0.0,0.004366812227074236,0.0056144728633811605,0.002495321272613849,0.0056144728633811605,0.006862133499688085,0.0012476606363069245,0.0018714909544603868,0.0012476606363069245,0.0006238303181534623,0.0031191515907673115,0.0,0.0056144728633811605,0.0,0.0012476606363069245,0.0,0.0012476606363069245,0.0012476606363069245,0.009357454772301934,0.0,0.0012476606363069245,0.0031191515907673115,0.004366812227074236,0.002495321272613849,0.0031191515907673115,0.0031191515907673115,0.0006238303181534623,0.002495321272613849,0.0,0.0012476606363069245,0.0006238303181534623,0.006238303181534623,0.0037429819089207735,0.0037429819089207735,0.0006238303181534623,0.0012476606363069245,0.004366812227074236,0.0056144728633811605,0.006862133499688085,0.004990642545227698,0.0006238303181534623,0.0006238303181534623,0.0031191515907673115,0.0018714909544603868,0.0031191515907673115,0.0018714909544603868,0.0006238303181534623,0.0012476606363069245,0.0006238303181534623,0.0006238303181534623,0.0012476606363069245,0.006238303181534623,0.0012476606363069245,0.0,0.0,0.0,0.0037429819089207735,0.0,0.0,0.0,0.0018714909544603868,0.0,0.0012476606363069245,0.0006238303181534623,0.004366812227074236,0.0018714909544603868,0.0006238303181534623,0.0037429819089207735,0.0,0.0012476606363069245,0.0012476606363069245,0.0031191515907673115,0.0018714909544603868,0.0012476606363069245,0.0018714909544603868,0.0037429819089207735,0.0031191515907673115,0.0,0.0006238303181534623,0.0037429819089207735
1802late83,0.002508361204013378,0.002508361204013378,0.0008361204013377926,0.0016722408026755853,0.005016722408026756,0.0,0.0,0.0,0.01839464882943144,0.0016722408026755853,0.004180602006688963,0.0016722408026755853,0.017558528428093644,0.0,0.0,0.0033444816053511705,0.0,0.0016722408026755853,0.002508361204013378,0.0016722408026755853,0.008361204013377926,0.002508361204013378,0.002508361204013378,0.0008361204013377926,0.0008361204013377926,0.0016722408026755853,0.0016722408026755853,0.0016722408026755853,0.0016722408026755853,0.0016722408026755853,0.0,0.004180602006688963,0.00919732441471572,0.0,0.002508361204013378,0.0008361204013377926,0.005852842809364548,0.0008361204013377926,0.0008361204013377926,0.0,0.0,0.0008361204013377926,0.0,0.0008361204013377926,0.006688963210702341,0.002508361204013378,0.0016722408026755853,0.004180602006688963,0.005016722408026756,0.0016722408026755853,0.0008361204013377926,0.0008361204013377926,0.0,0.005016722408026756,0.0016722408026755853,0.0008361204013377926,0.0,0.0008361204013377926,0.0008361204013377926,0.005016722408026756,0.0016722408026755853,0.0,0.002508361204013378,0.0008361204013377926,0.0,0.0,0.0016722408026755853,0.002508361204013378,0.0016722408026755853,0.0,0.005852842809364548,0.0,0.0008361204013377926,0.0016722408026755853,0.00919732441471572,0.002508361204013378,0.004180602006688963,0.0016722408026755853,0.0008361204013377926,0.004180602006688963,0.0016722408026755853,0.002508361204013378,0.002508361204013378,0.0016722408026755853,0.0008361204013377926,0.0008361204013377926,0.0,0.0008361204013377926,0.0016722408026755853,0.0,0.0016722408026755853,0.0033444816053511705,0.0,0.002508361204013378,0.0008361204013377926,0.0016722408026755853,0.0016722408026755853,0.002508361204013378,0.0008361204013377926,0.0033444816053511705,0.0008361204013377926,0.0008361204013377926,0.0008361204013377926,0.0016722408026755853,0.011705685618729096,0.0016722408026755853,0.0033444816053511705,0.004180602006688963,0.004180602006688963,0.0,0.0,0.0008361204013377926,0.0008361204013377926,0.0033444816053511705,0.0,0.0008361204013377926,0.0,0.0016722408026755853,0.0033444816053511705,0.0016722408026755853,0.0008361204013377926,0.0008361204013377926,0.0,0.0016722408026755853,0.002508361204013378,0.0016722408026755853,0.0016722408026755853,0.0033444816053511705,0.005852842809364548,0.0,0.0008361204013377926,0.0,0.0,0.0033444816053511705,0.0,0.005852842809364548,0.0016722408026755853,0.0008361204013377926,0.0016722408026755853,0.0033444816053511705,0.005016722408026756,0.0,0.0,0.0008361204013377926,0.0008361204013377926,0.0008361204013377926,0.005016722408026756,0.002508361204013378,0.0,0.0008361204013377926,0.0,0.0,0.0,0.004180602006688963,0.0008361204013377926,0.0,0.005852842809364548,0.0,0.0016722408026755853,0.002508361204013378,0.002508361204013378,0.0033444816053511705,0.0,0.0,0.0,0.0,0.0,0.0016722408026755853,0.002508361204013378,0.0,0.0,0.0008361204013377926,0.0008361204013377926,0.0008361204013377926,0.004180602006688963,0.004180602006688963,0.0033444816053511705,0.0008361204013377926,0.002508361204013378,0.0016722408026755853,0.0,0.002508361204013378,0.002508361204013378,0.002508361204013378,0.0,0.0016722408026755853,0.0,0.0008361204013377926,0.0016722408026755853,0.0008361204013377926,0.005016722408026756,0.002508361204013378,0.0008361204013377926,0.0,0.004180602006688963,0.0,0.0008361204013377926,0.0033444816053511705,0.0,0.002508361204013378,0.0008361204013377926,0.002508361204013378,0.005852842809364548,0.008361204013377926,0.0,0.004180602006688963,0.0016722408026755853,0.006688963210702341,0.0,0.0008361204013377926,0.0,0.004180602006688963,0.004180602006688963,0.004180602006688963,0.004180602006688963,0.005852842809364548,0.005016722408026756,0.0008361204013377926,0.004180602006688963,0.0033444816053511705,0.0008361204013377926,0.0,0.005016722408026756,0.0,0.0016722408026755853,0.0016722408026755853,0.004180602006688963,0.002508361204013378,0.0,0.0016722408026755853,0.0016722408026755853,0.002508361204013378,0.0,0.0016722408026755853,0.0,0.006688963210702341,0.002508361204013378,0.002508361204013378,0.0008361204013377926,0.0,0.0,0.0016722408026755853,0.0008361204013377926,0.0016722408026755853,0.0,0.006688963210702341,0.0016722408026755853,0.0016722408026755853,0.0016722408026755853,0.002508361204013378,0.0016722408026755853,0.0008361204013377926,0.0033444816053511705,0.0,0.0033444816053511705,0.0,0.0,0.0016722408026755853,0.0,0.0016722408026755853,0.0,0.0,0.0,0.0008361204013377926,0.0,0.002508361204013378,0.0016722408026755853,0.0008361204013377926,0.0008361204013377926,0.0016722408026755853,0.0016722408026755853,0.0,0.006688963210702341,0.0,0.0008361204013377926,0.0008361204013377926,0.005852842809364548,0.002508361204013378,0.002508361204013378,0.0,0.0016722408026755853,0.006688963210702341,0.004180602006688963,0.0016722408026755853,0.0016722408026755853,0.0033444816053511705,0.002508361204013378,0.0,0.0,0.0008361204013377926,0.0,0.0,0.0033444816053511705,0.0,0.0016722408026755853,0.005016722408026756,0.0,0.0,0.0016722408026755853,0.0,0.0,0.0008361204013377926,0.0008361204013377926,0.002508361204013378,0.0,0.0,0.0,0.0,0.005852842809364548,0.002508361204013378,0.002508361204013378,0.0008361204013377926,0.0008361204013377926,0.0,0.0008361204013377926,0.0008361204013377926,0.0,0.005852842809364548,0.0,0.002508361204013378,0.002508361204013378,0.002508361204013378,0.002508361204013378,0.0016722408026755853,0.0,0.002508361204013378,0.005016722408026756,0.0033444816053511705,0.0,0.0,0.005016722408026756,0.0033444816053511705,0.004180602006688963,0.0,0.002508361204013378,0.0008361204013377926,0.002508361204013378,0.0016722408026755853,0.005016722408026756,0.0,0.0008361204013377926,0.0008361204013377926,0.0016722408026755853,0.0033444816053511705,0.004180602006688963,0.0008361204013377926,0.0008361204013377926,0.0008361204013377926,0.0016722408026755853,0.0,0.002508361204013378,0.0,0.0,0.0,0.0,0.0016722408026755853,0.0008361204013377926,0.0008361204013377926,0.005016722408026756,0.0033444816053511705,0.0016722408026755853,0.0,0.0,0.004180602006688963,0.002508361204013378,0.0,0.004180602006688963,0.002508361204013378,0.0,0.0,0.0,0.006688963210702341,0.0016722408026755853,0.0,0.0,0.005852842809364548,0.0,0.002508361204013378,0.0,0.0016722408026755853,0.0016722408026755853,0.010033444816053512,0.0008361204013377926,0.0008361204013377926,0.002508361204013378,0.0008361204013377926,0.002508361204013378,0.0008361204013377926,0.004180602006688963,0.014214046822742474,0.0008361204013377926,0.0,0.0,0.0016722408026755853,0.0,0.0008361204013377926,0.0008361204013377926,0.0008361204013377926,0.002508361204013378,0.0,0.0033444816053511705,0.0,0.002508361204013378,0.002508361204013378,0.0,0.0,0.0,0.005852842809364548,0.0,0.011705685618729096,0.0016722408026755853,0.006688963210702341,0.0,0.005852842809364548,0.0,0.0016722408026755853,0.0016722408026755853,0.0016722408026755853,0.0,0.0008361204013377926,0.0008361204013377926,0.0008361204013377926,0.0008361204013377926,0.006688963210702341,0.002508361204013378,0.0,0.0016722408026755853,0.0016722408026755853,0.0,0.0033444816053511705,0.006688963210702341,0.004180602006688963,0.0008361204013377926,0.0008361204013377926,0.010033444816053512,0.002508361204013378,0.0016722408026755853,0.004180602006688963,0.002508361204013378,0.0,0.0,0.0008361204013377926,0.005852842809364548,0.0,0.005016722408026756,0.0,0.0008361204013377926,0.0,0.0008361204013377926,0.004180602006688963,0.0033444816053511705,0.0,0.0,0.002508361204013378,0.0033444816053511705,0.0008361204013377926,0.0016722408026755853,0.005852842809364548,0.0016722408026755853,0.002508361204013378,0.0,0.0008361204013377926,0.0016722408026755853,0.005852842809364548,0.005016722408026756,0.0008361204013377926,0.0016722408026755853,0.0016722408026755853,0.0033444816053511705,0.0016722408026755853,0.0016722408026755853,0.0033444816053511705,0.0033444816053511705,0.0016722408026755853,0.002508361204013378,0.002508361204013378,0.0033444816053511705,0.002508361204013378,0.0008361204013377926,0.0016722408026755853,0.0016722408026755853,0.0016722408026755853,0.002508361204013378,0.0016722408026755853,0.0,0.002508361204013378,0.0016722408026755853,0.002508361204013378,0.002508361204013378,0.0,0.0008361204013377926,0.0008361204013377926,0.0016722408026755853,0.0,0.0,0.0008361204013377926,0.002508361204013378,0.0008361204013377926,0.0,0.002508361204013378,0.0,0.002508361204013378,0.0016722408026755853,0.0016722408026755853,0.0016722408026755853,0.0016722408026755853,0.0,0.0008361204013377926,0.004180602006688963,0.0,0.0,0.0033444816053511705
1802late82,0.004338394793926247,0.0007230657989877079,0.0,0.0028922631959508315,0.0,0.0,0.0014461315979754157,0.007953723788864787,0.0,0.0036153289949385392,0.0036153289949385392,0.008676789587852495,0.0014461315979754157,0.0,0.0028922631959508315,0.0,0.0021691973969631237,0.0007230657989877079,0.0007230657989877079,0.007953723788864787,0.0007230657989877079,0.0014461315979754157,0.0007230657989877079,0.0007230657989877079,0.0,0.0007230657989877079,0.0014461315979754157,0.0021691973969631237,0.0028922631959508315,0.0,0.0014461315979754157,0.006507592190889371,0.0007230657989877079,0.0014461315979754157,0.0007230657989877079,0.005061460592913955,0.0028922631959508315,0.0007230657989877079,0.0036153289949385392,0.0014461315979754157,0.0,0.0,0.0021691973969631237,0.004338394793926247,0.0021691973969631237,0.0007230657989877079,0.004338394793926247,0.0036153289949385392,0.0021691973969631237,0.0,0.0014461315979754157,0.0,0.0007230657989877079,0.0014461315979754157,0.0014461315979754157,0.0007230657989877079,0.0014461315979754157,0.005061460592913955,0.0028922631959508315,0.0,0.0014461315979754157,0.0036153289949385392,0.0014461315979754157,0.0007230657989877079,0.0014461315979754157,0.005061460592913955,0.004338394793926247,0.0028922631959508315,0.0,0.0028922631959508315,0.0,0.0028922631959508315,0.0014461315979754157,0.0036153289949385392,0.004338394793926247,0.004338394793926247,0.0014461315979754157,0.0007230657989877079,0.0028922631959508315,0.0021691973969631237,0.0036153289949385392,0.0021691973969631237,0.0021691973969631237,0.0007230657989877079,0.0,0.0,0.0036153289949385392,0.0014461315979754157,0.0014461315979754157,0.0021691973969631237,0.0028922631959508315,0.0,0.0028922631959508315,0.0014461315979754157,0.006507592190889371,0.0021691973969631237,0.0028922631959508315,0.0021691973969631237,0.0021691973969631237,0.0014461315979754157,0.0021691973969631237,0.0036153289949385392,0.0014461315979754157,0.005784526391901663,0.0021691973969631237,0.0014461315979754157,0.005061460592913955,0.0028922631959508315,0.0014461315979754157,0.0007230657989877079,0.0021691973969631237,0.0014461315979754157,0.0028922631959508315,0.0036153289949385392,0.0021691973969631237,0.0007230657989877079,0.0028922631959508315,0.004338394793926247,0.0014461315979754157,0.0021691973969631237,0.005784526391901663,0.0,0.0007230657989877079,0.0,0.0021691973969631237,0.0007230657989877079,0.004338394793926247,0.0036153289949385392,0.0,0.0007230657989877079,0.0,0.0007230657989877079,0.005061460592913955,0.0014461315979754157,0.004338394793926247,0.0007230657989877079,0.0,0.0036153289949385392,0.0021691973969631237,0.0028922631959508315,0.0014461315979754157,0.0007230657989877079,0.0028922631959508315,0.0036153289949385392,0.0028922631959508315,0.0036153289949385392,0.0021691973969631237,0.0007230657989877079,0.0,0.0,0.0007230657989877079,0.0014461315979754157,0.005784526391901663,0.0036153289949385392,0.0007230657989877079,0.0007230657989877079,0.0,0.0014461315979754157,0.0021691973969631237,0.0028922631959508315,0.0007230657989877079,0.0,0.0,0.0,0.0,0.0,0.004338394793926247,0.0014461315979754157,0.0021691973969631237,0.0014461315979754157,0.0007230657989877079,0.0007230657989877079,0.0014461315979754157,0.0014461315979754157,0.0036153289949385392,0.0021691973969631237,0.0021691973969631237,0.0021691973969631237,0.0007230657989877079,0.0,0.0014461315979754157,0.004338394793926247,0.0007230657989877079,0.0,0.005784526391901663,0.0036153289949385392,0.0,0.0014461315979754157,0.0,0.004338394793926247,0.0021691973969631237,0.0014461315979754157,0.0014461315979754157,0.005061460592913955,0.0,0.0014461315979754157,0.0036153289949385392,0.0014461315979754157,0.0014461315979754157,0.005061460592913955,0.0014461315979754157,0.004338394793926247,0.005784526391901663,0.0,0.0014461315979754157,0.004338394793926247,0.0014461315979754157,0.0007230657989877079,0.0021691973969631237,0.0014461315979754157,0.006507592190889371,0.006507592190889371,0.0007230657989877079,0.0036153289949385392,0.0014461315979754157,0.0021691973969631237,0.0021691973969631237,0.0,0.004338394793926247,0.0007230657989877079,0.004338394793926247,0.004338394793926247,0.0014461315979754157,0.0014461315979754157,0.0021691973969631237,0.0014461315979754157,0.0014461315979754157,0.0007230657989877079,0.0014461315979754157,0.0007230657989877079,0.0036153289949385392,0.0,0.0014461315979754157,0.0,0.0028922631959508315,0.0007230657989877079,0.0021691973969631237,0.0,0.0014461315979754157,0.0,0.0014461315979754157,0.0007230657989877079,0.0007230657989877079,0.0014461315979754157,0.0007230657989877079,0.0028922631959508315,0.0028922631959508315,0.0028922631959508315,0.0007230657989877079,0.0014461315979754157,0.005061460592913955,0.0014461315979754157,0.0028922631959508315,0.0028922631959508315,0.0014461315979754157,0.0,0.0036153289949385392,0.0021691973969631237,0.0014461315979754157,0.0036153289949385392,0.0,0.0007230657989877079,0.0,0.0021691973969631237,0.0007230657989877079,0.005784526391901663,0.0021691973969631237,0.0,0.0021691973969631237,0.005061460592913955,0.0021691973969631237,0.0007230657989877079,0.0014461315979754157,0.0021691973969631237,0.0007230657989877079,0.0021691973969631237,0.0014461315979754157,0.0007230657989877079,0.0028922631959508315,0.0,0.0028922631959508315,0.004338394793926247,0.005784526391901663,0.0021691973969631237,0.0007230657989877079,0.004338394793926247,0.0,0.0,0.0007230657989877079,0.0028922631959508315,0.0,0.0021691973969631237,0.0036153289949385392,0.0,0.0007230657989877079,0.0007230657989877079,0.0014461315979754157,0.0007230657989877079,0.0,0.0,0.0007230657989877079,0.0007230657989877079,0.0028922631959508315,0.0014461315979754157,0.0014461315979754157,0.0,0.0021691973969631237,0.0,0.0036153289949385392,0.0028922631959508315,0.0007230657989877079,0.0036153289949385392,0.0028922631959508315,0.0014461315979754157,0.0028922631959508315,0.0014461315979754157,0.0007230657989877079,0.0021691973969631237,0.0,0.0014461315979754157,0.0036153289949385392,0.0007230657989877079,0.0014461315979754157,0.0036153289949385392,0.0007230657989877079,0.0014461315979754157,0.0014461315979754157,0.006507592190889371,0.0007230657989877079,0.0,0.0028922631959508315,0.005784526391901663,0.0028922631959508315,0.0,0.0014461315979754157,0.0021691973969631237,0.0014461315979754157,0.0,0.004338394793926247,0.0021691973969631237,0.0014461315979754157,0.0,0.0007230657989877079,0.0007230657989877079,0.006507592190889371,0.0007230657989877079,0.0021691973969631237,0.0014461315979754157,0.0,0.0014461315979754157,0.0028922631959508315,0.0007230657989877079,0.0,0.0,0.0014461315979754157,0.0,0.0036153289949385392,0.0028922631959508315,0.0036153289949385392,0.005061460592913955,0.0036153289949385392,0.0,0.0028922631959508315,0.0028922631959508315,0.0028922631959508315,0.0028922631959508315,0.0036153289949385392,0.0021691973969631237,0.0021691973969631237,0.0007230657989877079,0.0007230657989877079,0.005784526391901663,0.0021691973969631237,0.0,0.0,0.006507592190889371,0.0007230657989877079,0.0014461315979754157,0.0,0.0021691973969631237,0.0028922631959508315,0.0028922631959508315,0.0014461315979754157,0.0014461315979754157,0.005061460592913955,0.0007230657989877079,0.004338394793926247,0.0,0.0036153289949385392,0.015907447577729574,0.0007230657989877079,0.0007230657989877079,0.0,0.0021691973969631237,0.0,0.0014461315979754157,0.0007230657989877079,0.0014461315979754157,0.0,0.0014461315979754157,0.0028922631959508315,0.0021691973969631237,0.004338394793926247,0.0007230657989877079,0.0,0.0028922631959508315,0.0,0.005061460592913955,0.0,0.004338394793926247,0.0007230657989877079,0.004338394793926247,0.0,0.0028922631959508315,0.0,0.0007230657989877079,0.0007230657989877079,0.0007230657989877079,0.0,0.0007230657989877079,0.0021691973969631237,0.0007230657989877079,0.0014461315979754157,0.0036153289949385392,0.0007230657989877079,0.0,0.0007230657989877079,0.0028922631959508315,0.0014461315979754157,0.004338394793926247,0.0021691973969631237,0.0014461315979754157,0.0,0.0028922631959508315,0.006507592190889371,0.0036153289949385392,0.0021691973969631237,0.0021691973969631237,0.0014461315979754157,0.0,0.0028922631959508315,0.0028922631959508315,0.0036153289949385392,0.0007230657989877079,0.0021691973969631237,0.0,0.0014461315979754157,0.0,0.0,0.0007230657989877079,0.0036153289949385392,0.0,0.0014461315979754157,0.0007230657989877079,0.004338394793926247,0.0021691973969631237,0.005784526391901663,0.0014461315979754157,0.0,0.0014461315979754157,0.0,0.0021691973969631237,0.0014461315979754157,0.005784526391901663,0.005784526391901663,0.0028922631959508315,0.0021691973969631237,0.0007230657989877079,0.0007230657989877079,0.0036153289949385392,0.0014461315979754157,0.0014461315979754157,0.0014461315979754157,0.0014461315979754157,0.005061460592913955,0.0028922631959508315,0.0014461315979754157,0.0014461315979754157,0.0,0.0007230657989877079,0.0007230657989877079,0.0007230657989877079,0.0014461315979754157,0.0036153289949385392,0.0028922631959508315,0.005061460592913955,0.0014461315979754157,0.0007230657989877079,0.0021691973969631237,0.0,0.0014461315979754157,0.0,0.0,0.0,0.0014461315979754157,0.0007230657989877079,0.0036153289949385392,0.0036153289949385392,0.0007230657989877079,0.0028922631959508315,0.0,0.0007230657989877079,0.0014461315979754157,0.0028922631959508315,0.0021691973969631237,0.0021691973969631237,0.0021691973969631237,0.0,0.0014461315979754157,0.0,0.0021691973969631237,0.0007230657989877079
1802late96,0.003778337531486146,0.001889168765743073,0.0012594458438287153,0.0,0.0025188916876574307,0.0031486146095717885,0.0,0.0006297229219143577,0.003778337531486146,0.0025188916876574307,0.0,0.001889168765743073,0.004408060453400504,0.0012594458438287153,0.0,0.001889168765743073,0.0,0.003778337531486146,0.0012594458438287153,0.004408060453400504,0.004408060453400504,0.0,0.0025188916876574307,0.001889168765743073,0.0006297229219143577,0.004408060453400504,0.0012594458438287153,0.0006297229219143577,0.001889168765743073,0.0006297229219143577,0.001889168765743073,0.0012594458438287153,0.005037783375314861,0.0,0.0012594458438287153,0.005037783375314861,0.001889168765743073,0.0025188916876574307,0.0025188916876574307,0.001889168765743073,0.0,0.0,0.0025188916876574307,0.0,0.0006297229219143577,0.004408060453400504,0.0012594458438287153,0.004408060453400504,0.001889168765743073,0.003778337531486146,0.0,0.0006297229219143577,0.004408060453400504,0.001889168765743073,0.0025188916876574307,0.0,0.0,0.0012594458438287153,0.003778337531486146,0.0031486146095717885,0.0,0.001889168765743073,0.008816120906801008,0.0006297229219143577,0.0006297229219143577,0.001889168765743073,0.0025188916876574307,0.0012594458438287153,0.001889168765743073,0.003778337531486146,0.0025188916876574307,0.0012594458438287153,0.0012594458438287153,0.0006297229219143577,0.018891687657430732,0.003778337531486146,0.0006297229219143577,0.0012594458438287153,0.0006297229219143577,0.0031486146095717885,0.0006297229219143577,0.0025188916876574307,0.001889168765743073,0.0012594458438287153,0.0025188916876574307,0.0,0.0031486146095717885,0.001889168765743073,0.0006297229219143577,0.0012594458438287153,0.0025188916876574307,0.004408060453400504,0.0012594458438287153,0.0025188916876574307,0.004408060453400504,0.0,0.0,0.001889168765743073,0.0012594458438287153,0.005667506297229219,0.0025188916876574307,0.0012594458438287153,0.0,0.0006297229219143577,0.0025188916876574307,0.0012594458438287153,0.0031486146095717885,0.010705289672544081,0.0025188916876574307,0.0,0.003778337531486146,0.001889168765743073,0.001889168765743073,0.007556675062972292,0.0012594458438287153,0.0006297229219143577,0.0025188916876574307,0.0012594458438287153,0.001889168765743073,0.0,0.0012594458438287153,0.001889168765743073,0.0,0.0006297229219143577,0.0012594458438287153,0.0,0.001889168765743073,0.0012594458438287153,0.004408060453400504,0.0,0.0,0.0025188916876574307,0.0,0.005037783375314861,0.0006297229219143577,0.00818639798488665,0.0,0.0,0.001889168765743073,0.001889168765743073,0.0069269521410579345,0.0,0.0006297229219143577,0.0006297229219143577,0.001889168765743073,0.0025188916876574307,0.005037783375314861,0.0,0.0006297229219143577,0.0006297229219143577,0.0006297229219143577,0.0006297229219143577,0.0006297229219143577,0.001889168765743073,0.0,0.0012594458438287153,0.0031486146095717885,0.001889168765743073,0.001889168765743073,0.0012594458438287153,0.0012594458438287153,0.0031486146095717885,0.0012594458438287153,0.0,0.0,0.0,0.0,0.0012594458438287153,0.0,0.0,0.0,0.0012594458438287153,0.0,0.001889168765743073,0.0,0.005037783375314861,0.005037783375314861,0.0006297229219143577,0.001889168765743073,0.0012594458438287153,0.0,0.0012594458438287153,0.003778337531486146,0.0,0.0,0.003778337531486146,0.0031486146095717885,0.0012594458438287153,0.0006297229219143577,0.0012594458438287153,0.00818639798488665,0.0006297229219143577,0.0025188916876574307,0.0,0.007556675062972292,0.0006297229219143577,0.0006297229219143577,0.0069269521410579345,0.0006297229219143577,0.003778337531486146,0.0012594458438287153,0.0,0.005037783375314861,0.005037783375314861,0.0,0.0025188916876574307,0.001889168765743073,0.0012594458438287153,0.0,0.0012594458438287153,0.0012594458438287153,0.0012594458438287153,0.004408060453400504,0.0031486146095717885,0.001889168765743073,0.001889168765743073,0.007556675062972292,0.0025188916876574307,0.0006297229219143577,0.0006297229219143577,0.0006297229219143577,0.0006297229219143577,0.0025188916876574307,0.0,0.0012594458438287153,0.0006297229219143577,0.0006297229219143577,0.001889168765743073,0.0025188916876574307,0.0012594458438287153,0.0012594458438287153,0.0012594458438287153,0.0,0.0025188916876574307,0.006297229219143577,0.004408060453400504,0.0006297229219143577,0.0012594458438287153,0.0025188916876574307,0.003778337531486146,0.004408060453400504,0.0,0.0025188916876574307,0.0,0.0025188916876574307,0.0006297229219143577,0.0006297229219143577,0.001889168765743073,0.0012594458438287153,0.005037783375314861,0.003778337531486146,0.0012594458438287153,0.003778337531486146,0.001889168765743073,0.0006297229219143577,0.0012594458438287153,0.0069269521410579345,0.0,0.0,0.0012594458438287153,0.0012594458438287153,0.0,0.003778337531486146,0.0012594458438287153,0.0006297229219143577,0.003778337531486146,0.001889168765743073,0.0,0.0006297229219143577,0.005037783375314861,0.0006297229219143577,0.0006297229219143577,0.001889168765743073,0.0012594458438287153,0.004408060453400504,0.0031486146095717885,0.001889168765743073,0.004408060453400504,0.003778337531486146,0.0,0.0006297229219143577,0.0069269521410579345,0.003778337531486146,0.001889168765743073,0.0006297229219143577,0.003778337531486146,0.0012594458438287153,0.0,0.0,0.0012594458438287153,0.0012594458438287153,0.0012594458438287153,0.005667506297229219,0.001889168765743073,0.0006297229219143577,0.003778337531486146,0.0006297229219143577,0.0,0.0025188916876574307,0.0,0.0,0.0012594458438287153,0.0006297229219143577,0.0031486146095717885,0.001889168765743073,0.0006297229219143577,0.0012594458438287153,0.0006297229219143577,0.007556675062972292,0.0006297229219143577,0.0012594458438287153,0.0025188916876574307,0.0,0.0,0.0006297229219143577,0.0012594458438287153,0.0025188916876574307,0.0006297229219143577,0.0012594458438287153,0.001889168765743073,0.006297229219143577,0.0025188916876574307,0.0012594458438287153,0.0025188916876574307,0.0006297229219143577,0.0012594458438287153,0.0025188916876574307,0.004408060453400504,0.0006297229219143577,0.0,0.0012594458438287153,0.0025188916876574307,0.001889168765743073,0.0,0.001889168765743073,0.0012594458438287153,0.0012594458438287153,0.005037783375314861,0.0031486146095717885,0.001889168765743073,0.0,0.0012594458438287153,0.0,0.001889168765743073,0.0025188916876574307,0.0,0.0012594458438287153,0.001889168765743073,0.0,0.0006297229219143577,0.0,0.0,0.001889168765743073,0.0025188916876574307,0.0,0.0,0.0006297229219143577,0.0031486146095717885,0.0006297229219143577,0.0025188916876574307,0.0012594458438287153,0.0,0.0006297229219143577,0.001889168765743073,0.00818639798488665,0.001889168765743073,0.003778337531486146,0.0,0.0006297229219143577,0.0006297229219143577,0.0,0.0025188916876574307,0.0025188916876574307,0.0,0.0,0.007556675062972292,0.0006297229219143577,0.003778337531486146,0.0,0.0006297229219143577,0.001889168765743073,0.0025188916876574307,0.0006297229219143577,0.0,0.003778337531486146,0.0025188916876574307,0.001889168765743073,0.0012594458438287153,0.003778337531486146,0.00818639798488665,0.0012594458438287153,0.0,0.003778337531486146,0.0012594458438287153,0.006297229219143577,0.001889168765743073,0.0012594458438287153,0.0012594458438287153,0.001889168765743073,0.0,0.0012594458438287153,0.0,0.0069269521410579345,0.001889168765743073,0.0006297229219143577,0.0,0.0012594458438287153,0.004408060453400504,0.0,0.004408060453400504,0.0,0.005667506297229219,0.005037783375314861,0.004408060453400504,0.0,0.0012594458438287153,0.0006297229219143577,0.0,0.0031486146095717885,0.0006297229219143577,0.001889168765743073,0.0,0.001889168765743073,0.006297229219143577,0.0012594458438287153,0.0,0.001889168765743073,0.001889168765743073,0.0,0.005037783375314861,0.0012594458438287153,0.0031486146095717885,0.0031486146095717885,0.001889168765743073,0.004408060453400504,0.001889168765743073,0.0012594458438287153,0.0031486146095717885,0.0006297229219143577,0.0025188916876574307,0.0012594458438287153,0.0006297229219143577,0.005037783375314861,0.0,0.0012594458438287153,0.0,0.0006297229219143577,0.001889168765743073,0.0,0.0012594458438287153,0.005667506297229219,0.0,0.0,0.001889168765743073,0.0012594458438287153,0.003778337531486146,0.0031486146095717885,0.004408060453400504,0.0025188916876574307,0.0012594458438287153,0.0006297229219143577,0.0,0.0,0.008816120906801008,0.001889168765743073,0.0025188916876574307,0.005037783375314861,0.0012594458438287153,0.003778337531486146,0.008816120906801008,0.0069269521410579345,0.0031486146095717885,0.015743073047858942,0.0006297229219143577,0.0006297229219143577,0.0,0.001889168765743073,0.001889168765743073,0.0,0.0,0.0012594458438287153,0.0012594458438287153,0.0012594458438287153,0.0012594458438287153,0.004408060453400504,0.0,0.0006297229219143577,0.0025188916876574307,0.003778337531486146,0.0,0.0006297229219143577,0.0,0.0012594458438287153,0.0006297229219143577,0.0,0.0,0.003778337531486146,0.001889168765743073,0.0012594458438287153,0.0025188916876574307,0.0,0.0,0.0,0.0031486146095717885,0.0025188916876574307,0.001889168765743073,0.001889168765743073,0.001889168765743073,0.003778337531486146,0.001889168765743073,0.0012594458438287153,0.0012594458438287153
1803lateDisease8,0.0021422450728363325,0.002570694087403599,0.0021422450728363325,0.000856898029134533,0.0,0.0,0.000856898029134533,0.001713796058269066,0.0,0.0,0.002570694087403599,0.0012853470437017994,0.000856898029134533,0.003427592116538132,0.0038560411311053984,0.0004284490145672665,0.0029991431019708655,0.0012853470437017994,0.0012853470437017994,0.003427592116538132,0.000856898029134533,0.001713796058269066,0.001713796058269066,0.0004284490145672665,0.0,0.0,0.0021422450728363325,0.001713796058269066,0.0012853470437017994,0.0004284490145672665,0.0004284490145672665,0.002570694087403599,0.004284490145672665,0.0029991431019708655,0.002570694087403599,0.0021422450728363325,0.0004284490145672665,0.000856898029134533,0.0004284490145672665,0.0004284490145672665,0.000856898029134533,0.0038560411311053984,0.0,0.004284490145672665,0.001713796058269066,0.0029991431019708655,0.0012853470437017994,0.002570694087403599,0.0012853470437017994,0.005998286203941731,0.0038560411311053984,0.0021422450728363325,0.0,0.0012853470437017994,0.003427592116538132,0.0029991431019708655,0.0021422450728363325,0.0029991431019708655,0.0012853470437017994,0.000856898029134533,0.002570694087403599,0.0021422450728363325,0.0021422450728363325,0.0038560411311053984,0.001713796058269066,0.003427592116538132,0.0012853470437017994,0.0004284490145672665,0.0,0.0,0.0004284490145672665,0.0,0.0029991431019708655,0.000856898029134533,0.0021422450728363325,0.000856898029134533,0.0021422450728363325,0.0,0.002570694087403599,0.0012853470437017994,0.0004284490145672665,0.0029991431019708655,0.000856898029134533,0.0029991431019708655,0.0012853470437017994,0.0012853470437017994,0.0,0.0029991431019708655,0.0038560411311053984,0.0012853470437017994,0.003427592116538132,0.0038560411311053984,0.0004284490145672665,0.001713796058269066,0.005998286203941731,0.000856898029134533,0.0021422450728363325,0.001713796058269066,0.0021422450728363325,0.0021422450728363325,0.001713796058269066,0.0004284490145672665,0.001713796058269066,0.003427592116538132,0.0004284490145672665,0.0029991431019708655,0.001713796058269066,0.0021422450728363325,0.0021422450728363325,0.001713796058269066,0.0021422450728363325,0.0038560411311053984,0.0029991431019708655,0.0029991431019708655,0.0012853470437017994,0.0004284490145672665,0.0,0.0038560411311053984,0.001713796058269066,0.0,0.005998286203941731,0.0029991431019708655,0.0,0.002570694087403599,0.003427592116538132,0.0021422450728363325,0.0,0.0029991431019708655,0.0012853470437017994,0.0012853470437017994,0.0029991431019708655,0.0,0.004712939160239932,0.003427592116538132,0.000856898029134533,0.0,0.0012853470437017994,0.0029991431019708655,0.001713796058269066,0.004284490145672665,0.0,0.002570694087403599,0.001713796058269066,0.0012853470437017994,0.0004284490145672665,0.0,0.000856898029134533,0.0012853470437017994,0.001713796058269066,0.001713796058269066,0.002570694087403599,0.0021422450728363325,0.0038560411311053984,0.001713796058269066,0.0012853470437017994,0.005569837189374464,0.004712939160239932,0.0029991431019708655,0.0021422450728363325,0.002570694087403599,0.0021422450728363325,0.002570694087403599,0.0,0.002570694087403599,0.004712939160239932,0.0029991431019708655,0.004284490145672665,0.0012853470437017994,0.0004284490145672665,0.002570694087403599,0.0012853470437017994,0.0,0.003427592116538132,0.000856898029134533,0.000856898029134533,0.0004284490145672665,0.001713796058269066,0.001713796058269066,0.003427592116538132,0.000856898029134533,0.00985432733504713,0.0012853470437017994,0.0,0.0,0.0029991431019708655,0.0004284490145672665,0.006855184233076264,0.000856898029134533,0.0021422450728363325,0.0012853470437017994,0.006855184233076264,0.000856898029134533,0.0004284490145672665,0.0029991431019708655,0.000856898029134533,0.004284490145672665,0.0012853470437017994,0.0012853470437017994,0.0012853470437017994,0.002570694087403599,0.0,0.001713796058269066,0.0012853470437017994,0.000856898029134533,0.0012853470437017994,0.001713796058269066,0.0029991431019708655,0.001713796058269066,0.0012853470437017994,0.0029991431019708655,0.0021422450728363325,0.0012853470437017994,0.000856898029134533,0.001713796058269066,0.0012853470437017994,0.0021422450728363325,0.000856898029134533,0.000856898029134533,0.001713796058269066,0.0029991431019708655,0.002570694087403599,0.002570694087403599,0.0012853470437017994,0.002570694087403599,0.0012853470437017994,0.0,0.0012853470437017994,0.0021422450728363325,0.0,0.0,0.001713796058269066,0.004284490145672665,0.006426735218508998,0.0021422450728363325,0.0,0.0004284490145672665,0.000856898029134533,0.0,0.0,0.0029991431019708655,0.0,0.0012853470437017994,0.0021422450728363325,0.000856898029134533,0.0021422450728363325,0.0004284490145672665,0.0021422450728363325,0.0012853470437017994,0.002570694087403599,0.0004284490145672665,0.0012853470437017994,0.0038560411311053984,0.0012853470437017994,0.000856898029134533,0.0,0.0038560411311053984,0.0012853470437017994,0.000856898029134533,0.001713796058269066,0.001713796058269066,0.0029991431019708655,0.002570694087403599,0.0,0.0021422450728363325,0.0004284490145672665,0.0,0.0012853470437017994,0.000856898029134533,0.0021422450728363325,0.0021422450728363325,0.001713796058269066,0.002570694087403599,0.0021422450728363325,0.004284490145672665,0.002570694087403599,0.0004284490145672665,0.0012853470437017994,0.0012853470437017994,0.0012853470437017994,0.0021422450728363325,0.0021422450728363325,0.004284490145672665,0.004284490145672665,0.0,0.0004284490145672665,0.0021422450728363325,0.0021422450728363325,0.0012853470437017994,0.003427592116538132,0.0004284490145672665,0.003427592116538132,0.0012853470437017994,0.0021422450728363325,0.0,0.0012853470437017994,0.000856898029134533,0.003427592116538132,0.001713796058269066,0.001713796058269066,0.004712939160239932,0.001713796058269066,0.002570694087403599,0.0012853470437017994,0.0021422450728363325,0.0029991431019708655,0.0012853470437017994,0.0012853470437017994,0.000856898029134533,0.0012853470437017994,0.0004284490145672665,0.000856898029134533,0.0004284490145672665,0.0004284490145672665,0.000856898029134533,0.001713796058269066,0.0012853470437017994,0.001713796058269066,0.000856898029134533,0.0,0.000856898029134533,0.001713796058269066,0.0029991431019708655,0.006855184233076264,0.0021422450728363325,0.005141388174807198,0.0012853470437017994,0.002570694087403599,0.0,0.001713796058269066,0.003427592116538132,0.000856898029134533,0.0021422450728363325,0.001713796058269066,0.002570694087403599,0.002570694087403599,0.0021422450728363325,0.0029991431019708655,0.002570694087403599,0.002570694087403599,0.002570694087403599,0.001713796058269066,0.001713796058269066,0.003427592116538132,0.0012853470437017994,0.000856898029134533,0.003427592116538132,0.0021422450728363325,0.0012853470437017994,0.0,0.0021422450728363325,0.000856898029134533,0.001713796058269066,0.0,0.0,0.000856898029134533,0.000856898029134533,0.001713796058269066,0.000856898029134533,0.0012853470437017994,0.004712939160239932,0.0029991431019708655,0.004712939160239932,0.004284490145672665,0.0021422450728363325,0.004284490145672665,0.0,0.000856898029134533,0.004712939160239932,0.0029991431019708655,0.0029991431019708655,0.001713796058269066,0.000856898029134533,0.000856898029134533,0.0029991431019708655,0.004284490145672665,0.0021422450728363325,0.0029991431019708655,0.0012853470437017994,0.0038560411311053984,0.0012853470437017994,0.004284490145672665,0.0004284490145672665,0.006855184233076264,0.003427592116538132,0.0,0.002570694087403599,0.001713796058269066,0.003427592116538132,0.0038560411311053984,0.005141388174807198,0.004284490145672665,0.0012853470437017994,0.0,0.001713796058269066,0.0,0.002570694087403599,0.001713796058269066,0.005569837189374464,0.002570694087403599,0.0004284490145672665,0.004712939160239932,0.004284490145672665,0.0021422450728363325,0.002570694087403599,0.0,0.001713796058269066,0.0,0.000856898029134533,0.005998286203941731,0.001713796058269066,0.000856898029134533,0.0012853470437017994,0.0,0.0038560411311053984,0.001713796058269066,0.004284490145672665,0.000856898029134533,0.002570694087403599,0.0,0.0012853470437017994,0.002570694087403599,0.0012853470437017994,0.000856898029134533,0.0012853470437017994,0.0012853470437017994,0.006855184233076264,0.0,0.0021422450728363325,0.001713796058269066,0.0012853470437017994,0.0012853470437017994,0.002570694087403599,0.0,0.000856898029134533,0.002570694087403599,0.0021422450728363325,0.0029991431019708655,0.000856898029134533,0.0012853470437017994,0.0012853470437017994,0.0029991431019708655,0.001713796058269066,0.0021422450728363325,0.005998286203941731,0.003427592116538132,0.0004284490145672665,0.0029991431019708655,0.0,0.004712939160239932,0.0012853470437017994,0.000856898029134533,0.004712939160239932,0.0021422450728363325,0.002570694087403599,0.000856898029134533,0.002570694087403599,0.001713796058269066,0.0029991431019708655,0.0004284490145672665,0.0012853470437017994,0.000856898029134533,0.0038560411311053984,0.000856898029134533,0.002570694087403599,0.0021422450728363325,0.0038560411311053984,0.001713796058269066,0.000856898029134533,0.004712939160239932,0.0004284490145672665,0.0021422450728363325,0.002570694087403599,0.000856898029134533,0.006855184233076264,0.0012853470437017994,0.001713796058269066,0.0012853470437017994,0.004284490145672665,0.0012853470437017994,0.0029991431019708655,0.001713796058269066,0.0029991431019708655,0.0021422450728363325,0.001713796058269066,0.0038560411311053984,0.001713796058269066,0.0004284490145672665,0.000856898029134533,0.0021422450728363325,0.0029991431019708655,0.000856898029134533,0.0021422450728363325,0.001713796058269066,0.003427592116538132,0.001713796058269066,0.0,0.000856898029134533,0.001713796058269066,0.0029991431019708655,0.004284490145672665,0.004284490145672665,0.0,0.001713796058269066,0.000856898029134533,0.0029991431019708655,0.0012853470437017994,0.000856898029134533,0.0038560411311053984,0.0,0.0,0.004284490145672665,0.0021422450728363325
1793ready89,0.0006165228113440197,0.0,0.0012330456226880395,0.0030826140567200987,0.0006165228113440197,0.010480887792848335,0.0012330456226880395,0.0018495684340320592,0.0012330456226880395,0.006781750924784217,0.0006165228113440197,0.0012330456226880395,0.002466091245376079,0.0006165228113440197,0.0006165228113440197,0.0036991368680641184,0.002466091245376079,0.0030826140567200987,0.0036991368680641184,0.0006165228113440197,0.002466091245376079,0.0006165228113440197,0.0012330456226880395,0.002466091245376079,0.0018495684340320592,0.002466091245376079,0.0006165228113440197,0.0006165228113440197,0.0018495684340320592,0.002466091245376079,0.004932182490752158,0.0006165228113440197,0.0012330456226880395,0.0006165228113440197,0.0012330456226880395,0.0006165228113440197,0.005548705302096177,0.0006165228113440197,0.006781750924784217,0.0012330456226880395,0.0,0.0012330456226880395,0.005548705302096177,0.0,0.0018495684340320592,0.0006165228113440197,0.0006165228113440197,0.0006165228113440197,0.0012330456226880395,0.0018495684340320592,0.0006165228113440197,0.0030826140567200987,0.006781750924784217,0.002466091245376079,0.0012330456226880395,0.0,0.0018495684340320592,0.0006165228113440197,0.0012330456226880395,0.0012330456226880395,0.004315659679408138,0.0030826140567200987,0.002466091245376079,0.0006165228113440197,0.0006165228113440197,0.0012330456226880395,0.0006165228113440197,0.0018495684340320592,0.0018495684340320592,0.0036991368680641184,0.006165228113440197,0.008631319358816275,0.0,0.0030826140567200987,0.002466091245376079,0.0018495684340320592,0.0012330456226880395,0.0036991368680641184,0.0012330456226880395,0.0012330456226880395,0.0006165228113440197,0.0,0.0030826140567200987,0.0018495684340320592,0.0018495684340320592,0.0,0.008631319358816275,0.0030826140567200987,0.0,0.0006165228113440197,0.0,0.0006165228113440197,0.0012330456226880395,0.0018495684340320592,0.0012330456226880395,0.005548705302096177,0.0012330456226880395,0.0030826140567200987,0.0018495684340320592,0.0036991368680641184,0.0012330456226880395,0.0012330456226880395,0.006165228113440197,0.0,0.0018495684340320592,0.0,0.0012330456226880395,0.0012330456226880395,0.0006165228113440197,0.0030826140567200987,0.0030826140567200987,0.0,0.0006165228113440197,0.0006165228113440197,0.0018495684340320592,0.0,0.005548705302096177,0.0018495684340320592,0.0018495684340320592,0.002466091245376079,0.0012330456226880395,0.0012330456226880395,0.0036991368680641184,0.002466091245376079,0.0018495684340320592,0.0012330456226880395,0.0006165228113440197,0.002466091245376079,0.0006165228113440197,0.0,0.0006165228113440197,0.002466091245376079,0.0012330456226880395,0.0018495684340320592,0.0030826140567200987,0.0018495684340320592,0.0018495684340320592,0.0012330456226880395,0.0018495684340320592,0.002466091245376079,0.0006165228113440197,0.0012330456226880395,0.0006165228113440197,0.0018495684340320592,0.0012330456226880395,0.0006165228113440197,0.0012330456226880395,0.0030826140567200987,0.0,0.0012330456226880395,0.0036991368680641184,0.0006165228113440197,0.0,0.002466091245376079,0.002466091245376079,0.0,0.0018495684340320592,0.0006165228113440197,0.002466091245376079,0.0030826140567200987,0.0012330456226880395,0.0018495684340320592,0.009864364981504316,0.0006165228113440197,0.0012330456226880395,0.0006165228113440197,0.0006165228113440197,0.002466091245376079,0.004932182490752158,0.0,0.0012330456226880395,0.0006165228113440197,0.0,0.0030826140567200987,0.0012330456226880395,0.0012330456226880395,0.0018495684340320592,0.004932182490752158,0.0,0.0,0.0018495684340320592,0.0012330456226880395,0.002466091245376079,0.002466091245376079,0.0,0.004932182490752158,0.0006165228113440197,0.0018495684340320592,0.0012330456226880395,0.0,0.004932182490752158,0.0012330456226880395,0.0018495684340320592,0.0006165228113440197,0.0,0.0018495684340320592,0.0,0.0,0.0,0.0,0.002466091245376079,0.0036991368680641184,0.0006165228113440197,0.0018495684340320592,0.0,0.002466091245376079,0.0,0.0,0.0018495684340320592,0.0,0.0006165228113440197,0.0,0.005548705302096177,0.0006165228113440197,0.002466091245376079,0.0012330456226880395,0.0018495684340320592,0.0012330456226880395,0.0006165228113440197,0.004932182490752158,0.0012330456226880395,0.0,0.0018495684340320592,0.0,0.0,0.005548705302096177,0.0030826140567200987,0.002466091245376079,0.004315659679408138,0.0018495684340320592,0.0030826140567200987,0.0018495684340320592,0.002466091245376079,0.0018495684340320592,0.006165228113440197,0.0012330456226880395,0.0018495684340320592,0.004315659679408138,0.007398273736128237,0.0006165228113440197,0.008014796547472256,0.0030826140567200987,0.002466091245376079,0.0,0.0018495684340320592,0.0018495684340320592,0.0006165228113440197,0.0006165228113440197,0.0,0.0006165228113440197,0.0006165228113440197,0.0018495684340320592,0.0018495684340320592,0.002466091245376079,0.0018495684340320592,0.0,0.0012330456226880395,0.0018495684340320592,0.0012330456226880395,0.0012330456226880395,0.0030826140567200987,0.0006165228113440197,0.0018495684340320592,0.017879161528976572,0.002466091245376079,0.002466091245376079,0.0018495684340320592,0.0012330456226880395,0.002466091245376079,0.0006165228113440197,0.0012330456226880395,0.0006165228113440197,0.0012330456226880395,0.0036991368680641184,0.0012330456226880395,0.0006165228113440197,0.0012330456226880395,0.0012330456226880395,0.0030826140567200987,0.0012330456226880395,0.0,0.0,0.002466091245376079,0.0006165228113440197,0.0006165228113440197,0.0006165228113440197,0.004315659679408138,0.0018495684340320592,0.0,0.0006165228113440197,0.0012330456226880395,0.0,0.0030826140567200987,0.0012330456226880395,0.0012330456226880395,0.0006165228113440197,0.004315659679408138,0.0006165228113440197,0.0018495684340320592,0.0018495684340320592,0.0006165228113440197,0.0006165228113440197,0.0006165228113440197,0.0036991368680641184,0.0018495684340320592,0.0012330456226880395,0.0018495684340320592,0.0012330456226880395,0.0030826140567200987,0.0006165228113440197,0.0036991368680641184,0.002466091245376079,0.0030826140567200987,0.0006165228113440197,0.0012330456226880395,0.0018495684340320592,0.0012330456226880395,0.0012330456226880395,0.0030826140567200987,0.004315659679408138,0.0006165228113440197,0.0,0.0,0.0006165228113440197,0.0,0.0030826140567200987,0.0,0.0012330456226880395,0.0036991368680641184,0.0012330456226880395,0.0,0.0006165228113440197,0.0006165228113440197,0.0030826140567200987,0.0006165228113440197,0.0018495684340320592,0.0012330456226880395,0.0006165228113440197,0.0018495684340320592,0.0006165228113440197,0.0006165228113440197,0.0006165228113440197,0.002466091245376079,0.0006165228113440197,0.0006165228113440197,0.0018495684340320592,0.002466091245376079,0.0036991368680641184,0.0006165228113440197,0.006165228113440197,0.0,0.0012330456226880395,0.0,0.002466091245376079,0.01726263871763255,0.004315659679408138,0.0,0.0006165228113440197,0.0036991368680641184,0.0018495684340320592,0.0018495684340320592,0.004932182490752158,0.0,0.0006165228113440197,0.0018495684340320592,0.0,0.0018495684340320592,0.0030826140567200987,0.0,0.0012330456226880395,0.0012330456226880395,0.0006165228113440197,0.0006165228113440197,0.002466091245376079,0.0012330456226880395,0.0006165228113440197,0.0012330456226880395,0.0,0.0006165228113440197,0.0006165228113440197,0.002466091245376079,0.0006165228113440197,0.0006165228113440197,0.0006165228113440197,0.0030826140567200987,0.006165228113440197,0.0018495684340320592,0.0030826140567200987,0.0006165228113440197,0.0030826140567200987,0.0006165228113440197,0.0012330456226880395,0.004315659679408138,0.002466091245376079,0.0036991368680641184,0.008014796547472256,0.0006165228113440197,0.0006165228113440197,0.002466091245376079,0.0006165228113440197,0.002466091245376079,0.004932182490752158,0.0018495684340320592,0.0018495684340320592,0.0018495684340320592,0.004315659679408138,0.0012330456226880395,0.0012330456226880395,0.0012330456226880395,0.0,0.004315659679408138,0.002466091245376079,0.0030826140567200987,0.005548705302096177,0.0036991368680641184,0.0,0.0,0.0012330456226880395,0.0,0.004932182490752158,0.002466091245376079,0.0018495684340320592,0.0006165228113440197,0.004932182490752158,0.0006165228113440197,0.0018495684340320592,0.0,0.0018495684340320592,0.0018495684340320592,0.0006165228113440197,0.004932182490752158,0.0012330456226880395,0.007398273736128237,0.01726263871763255,0.0006165228113440197,0.002466091245376079,0.0030826140567200987,0.002466091245376079,0.0036991368680641184,0.006781750924784217,0.0006165228113440197,0.0012330456226880395,0.007398273736128237,0.0012330456226880395,0.0006165228113440197,0.0036991368680641184,0.006781750924784217,0.002466091245376079,0.0036991368680641184,0.0006165228113440197,0.002466091245376079,0.0018495684340320592,0.0,0.0012330456226880395,0.0030826140567200987,0.002466091245376079,0.0012330456226880395,0.0006165228113440197,0.0036991368680641184,0.002466091245376079,0.0018495684340320592,0.0012330456226880395,0.0018495684340320592,0.002466091245376079,0.002466091245376079,0.0030826140567200987,0.0006165228113440197,0.0018495684340320592,0.002466091245376079,0.002466091245376079,0.0,0.0,0.0006165228113440197,0.002466091245376079,0.0018495684340320592,0.0036991368680641184,0.0,0.0012330456226880395,0.0012330456226880395,0.0018495684340320592,0.0006165228113440197,0.0006165228113440197,0.0006165228113440197,0.0030826140567200987,0.0,0.0030826140567200987,0.0006165228113440197,0.002466091245376079,0.002466091245376079,0.0006165228113440197,0.0,0.0012330456226880395,0.002466091245376079,0.0018495684340320592,0.0,0.0030826140567200987,0.0012330456226880395,0.0018495684340320592,0.0006165228113440197,0.0018495684340320592,0.002466091245376079,0.0006165228113440197,0.002466091245376079,0.0006165228113440197,0.0036991368680641184,0.004315659679408138,0.005548705302096177,0.0030826140567200987,0.0018495684340320592,0.0036991368680641184,0.0018495684340320592,0.0006165228113440197
1793ready76,0.0010570824524312897,0.0,0.0021141649048625794,0.002642706131078224,0.0021141649048625794,0.005813953488372093,0.0010570824524312897,0.0010570824524312897,0.0015856236786469344,0.007399577167019027,0.0015856236786469344,0.0036997885835095136,0.003171247357293869,0.0015856236786469344,0.0015856236786469344,0.002642706131078224,0.0,0.0005285412262156448,0.0015856236786469344,0.0015856236786469344,0.0005285412262156448,0.0015856236786469344,0.0,0.0021141649048625794,0.0005285412262156448,0.0010570824524312897,0.003171247357293869,0.0015856236786469344,0.002642706131078224,0.0015856236786469344,0.0015856236786469344,0.0015856236786469344,0.0010570824524312897,0.004228329809725159,0.0015856236786469344,0.0021141649048625794,0.002642706131078224,0.0047568710359408035,0.0036997885835095136,0.0005285412262156448,0.0,0.0010570824524312897,0.0047568710359408035,0.0010570824524312897,0.0021141649048625794,0.002642706131078224,0.0015856236786469344,0.0010570824524312897,0.0,0.0010570824524312897,0.0,0.002642706131078224,0.0021141649048625794,0.0010570824524312897,0.0010570824524312897,0.0015856236786469344,0.003171247357293869,0.002642706131078224,0.0021141649048625794,0.0015856236786469344,0.002642706131078224,0.002642706131078224,0.0015856236786469344,0.0015856236786469344,0.0005285412262156448,0.0010570824524312897,0.0015856236786469344,0.002642706131078224,0.0021141649048625794,0.0005285412262156448,0.0047568710359408035,0.004228329809725159,0.0015856236786469344,0.004228329809725159,0.0,0.0021141649048625794,0.003171247357293869,0.0015856236786469344,0.005285412262156448,0.0005285412262156448,0.004228329809725159,0.0047568710359408035,0.002642706131078224,0.0005285412262156448,0.0005285412262156448,0.0010570824524312897,0.005813953488372093,0.0021141649048625794,0.0015856236786469344,0.0036997885835095136,0.0,0.0010570824524312897,0.0005285412262156448,0.0047568710359408035,0.0005285412262156448,0.0036997885835095136,0.0010570824524312897,0.0015856236786469344,0.0010570824524312897,0.005813953488372093,0.0005285412262156448,0.0010570824524312897,0.0021141649048625794,0.0010570824524312897,0.003171247357293869,0.0005285412262156448,0.0047568710359408035,0.0015856236786469344,0.0005285412262156448,0.004228329809725159,0.0010570824524312897,0.0010570824524312897,0.003171247357293869,0.0010570824524312897,0.0021141649048625794,0.0015856236786469344,0.0010570824524312897,0.0010570824524312897,0.005285412262156448,0.003171247357293869,0.0010570824524312897,0.0015856236786469344,0.0,0.0005285412262156448,0.0021141649048625794,0.0005285412262156448,0.0010570824524312897,0.002642706131078224,0.0036997885835095136,0.0010570824524312897,0.0021141649048625794,0.0010570824524312897,0.0,0.0010570824524312897,0.0036997885835095136,0.0015856236786469344,0.0021141649048625794,0.003171247357293869,0.0,0.0015856236786469344,0.0005285412262156448,0.0015856236786469344,0.0,0.0015856236786469344,0.0021141649048625794,0.0010570824524312897,0.0021141649048625794,0.0005285412262156448,0.003171247357293869,0.0015856236786469344,0.0021141649048625794,0.0005285412262156448,0.0010570824524312897,0.003171247357293869,0.0015856236786469344,0.0,0.0036997885835095136,0.0036997885835095136,0.0015856236786469344,0.0021141649048625794,0.0,0.0010570824524312897,0.008985200845665961,0.0010570824524312897,0.0010570824524312897,0.0010570824524312897,0.0,0.003171247357293869,0.007399577167019027,0.0005285412262156448,0.0021141649048625794,0.0010570824524312897,0.0005285412262156448,0.0010570824524312897,0.0047568710359408035,0.0015856236786469344,0.0047568710359408035,0.0015856236786469344,0.0,0.0005285412262156448,0.0005285412262156448,0.0005285412262156448,0.003171247357293869,0.002642706131078224,0.0,0.002642706131078224,0.0021141649048625794,0.0010570824524312897,0.0005285412262156448,0.0021141649048625794,0.0010570824524312897,0.0021141649048625794,0.0010570824524312897,0.0005285412262156448,0.0010570824524312897,0.0036997885835095136,0.0015856236786469344,0.0021141649048625794,0.0005285412262156448,0.003171247357293869,0.003171247357293869,0.0036997885835095136,0.0015856236786469344,0.0047568710359408035,0.0,0.002642706131078224,0.0005285412262156448,0.0,0.002642706131078224,0.0005285412262156448,0.0005285412262156448,0.003171247357293869,0.002642706131078224,0.0,0.003171247357293869,0.0015856236786469344,0.003171247357293869,0.0015856236786469344,0.002642706131078224,0.0047568710359408035,0.0015856236786469344,0.0,0.0036997885835095136,0.0,0.0021141649048625794,0.007928118393234672,0.0015856236786469344,0.0021141649048625794,0.003171247357293869,0.0015856236786469344,0.002642706131078224,0.0,0.0010570824524312897,0.0015856236786469344,0.0005285412262156448,0.004228329809725159,0.0005285412262156448,0.0021141649048625794,0.0021141649048625794,0.0021141649048625794,0.005813953488372093,0.0021141649048625794,0.003171247357293869,0.0010570824524312897,0.0036997885835095136,0.0021141649048625794,0.0010570824524312897,0.0010570824524312897,0.0010570824524312897,0.0010570824524312897,0.0015856236786469344,0.003171247357293869,0.002642706131078224,0.0021141649048625794,0.006871035940803382,0.0021141649048625794,0.0015856236786469344,0.0015856236786469344,0.0005285412262156448,0.0,0.0010570824524312897,0.0015856236786469344,0.016913319238900635,0.0015856236786469344,0.0010570824524312897,0.0015856236786469344,0.0010570824524312897,0.0021141649048625794,0.0,0.002642706131078224,0.0010570824524312897,0.0021141649048625794,0.003171247357293869,0.0036997885835095136,0.0,0.0010570824524312897,0.0036997885835095136,0.0005285412262156448,0.0010570824524312897,0.0005285412262156448,0.0015856236786469344,0.002642706131078224,0.0015856236786469344,0.0010570824524312897,0.0021141649048625794,0.004228329809725159,0.0005285412262156448,0.0,0.0005285412262156448,0.0005285412262156448,0.002642706131078224,0.0005285412262156448,0.0,0.0005285412262156448,0.0,0.003171247357293869,0.0,0.003171247357293869,0.0010570824524312897,0.0010570824524312897,0.0010570824524312897,0.002642706131078224,0.003171247357293869,0.0010570824524312897,0.002642706131078224,0.0021141649048625794,0.0021141649048625794,0.002642706131078224,0.0021141649048625794,0.0005285412262156448,0.0021141649048625794,0.0021141649048625794,0.0021141649048625794,0.0021141649048625794,0.003171247357293869,0.004228329809725159,0.002642706131078224,0.0010570824524312897,0.0010570824524312897,0.0015856236786469344,0.0005285412262156448,0.0005285412262156448,0.0,0.0005285412262156448,0.0015856236786469344,0.0005285412262156448,0.005285412262156448,0.002642706131078224,0.0,0.0010570824524312897,0.0010570824524312897,0.0,0.0021141649048625794,0.0010570824524312897,0.0021141649048625794,0.002642706131078224,0.0036997885835095136,0.0,0.0005285412262156448,0.0,0.0010570824524312897,0.003171247357293869,0.0021141649048625794,0.005285412262156448,0.002642706131078224,0.0005285412262156448,0.0021141649048625794,0.0015856236786469344,0.004228329809725159,0.0005285412262156448,0.0015856236786469344,0.0005285412262156448,0.0015856236786469344,0.008456659619450317,0.005285412262156448,0.0021141649048625794,0.003171247357293869,0.003171247357293869,0.0036997885835095136,0.0021141649048625794,0.0010570824524312897,0.0010570824524312897,0.0010570824524312897,0.0010570824524312897,0.0015856236786469344,0.0005285412262156448,0.006871035940803382,0.0,0.0015856236786469344,0.0021141649048625794,0.0005285412262156448,0.0010570824524312897,0.003171247357293869,0.002642706131078224,0.0015856236786469344,0.0015856236786469344,0.0021141649048625794,0.0,0.0,0.0005285412262156448,0.002642706131078224,0.0010570824524312897,0.0015856236786469344,0.0,0.002642706131078224,0.0010570824524312897,0.0,0.0005285412262156448,0.0021141649048625794,0.0,0.0005285412262156448,0.003171247357293869,0.0010570824524312897,0.0036997885835095136,0.0015856236786469344,0.0021141649048625794,0.0,0.0015856236786469344,0.003171247357293869,0.002642706131078224,0.002642706131078224,0.0005285412262156448,0.0036997885835095136,0.0010570824524312897,0.0015856236786469344,0.0010570824524312897,0.0005285412262156448,0.0010570824524312897,0.0015856236786469344,0.0047568710359408035,0.0021141649048625794,0.0036997885835095136,0.0015856236786469344,0.0021141649048625794,0.0,0.0015856236786469344,0.004228329809725159,0.0,0.0005285412262156448,0.0005285412262156448,0.0015856236786469344,0.0,0.003171247357293869,0.0015856236786469344,0.0015856236786469344,0.0,0.004228329809725159,0.0015856236786469344,0.0,0.005813953488372093,0.0010570824524312897,0.003171247357293869,0.0153276955602537,0.0005285412262156448,0.0015856236786469344,0.003171247357293869,0.0005285412262156448,0.004228329809725159,0.0047568710359408035,0.0021141649048625794,0.0010570824524312897,0.006871035940803382,0.0005285412262156448,0.0005285412262156448,0.0021141649048625794,0.002642706131078224,0.0021141649048625794,0.0005285412262156448,0.002642706131078224,0.005285412262156448,0.0015856236786469344,0.0010570824524312897,0.002642706131078224,0.004228329809725159,0.0015856236786469344,0.003171247357293869,0.0005285412262156448,0.003171247357293869,0.0005285412262156448,0.0015856236786469344,0.0005285412262156448,0.0,0.002642706131078224,0.0010570824524312897,0.0047568710359408035,0.0015856236786469344,0.002642706131078224,0.0010570824524312897,0.0010570824524312897,0.0021141649048625794,0.0,0.004228329809725159,0.003171247357293869,0.0005285412262156448,0.0015856236786469344,0.0005285412262156448,0.003171247357293869,0.0005285412262156448,0.0021141649048625794,0.0015856236786469344,0.0010570824524312897,0.0,0.003171247357293869,0.0010570824524312897,0.0005285412262156448,0.0,0.0010570824524312897,0.0021141649048625794,0.0005285412262156448,0.0015856236786469344,0.0015856236786469344,0.002642706131078224,0.002642706131078224,0.0010570824524312897,0.0005285412262156448,0.002642706131078224,0.0015856236786469344,0.0010570824524312897,0.002642706131078224,0.0047568710359408035,0.0021141649048625794,0.0010570824524312897,0.003171247357293869,0.003171247357293869,0.002642706131078224,0.0015856236786469344,0.0010570824524312897,0.0010570824524312897,0.005813953488372093,0.0010570824524312897,0.0015856236786469344,0.0021141649048625794
1793ready77,0.002992220227408737,0.0,0.0,0.002992220227408737,0.0023937761819269898,0.004189108318372232,0.0,0.0005984440454817474,0.003590664272890485,0.006582884500299222,0.0011968880909634949,0.0005984440454817474,0.0005984440454817474,0.0011968880909634949,0.0,0.0005984440454817474,0.0,0.0011968880909634949,0.0011968880909634949,0.0011968880909634949,0.002992220227408737,0.0023937761819269898,0.0011968880909634949,0.0023937761819269898,0.0017953321364452424,0.0017953321364452424,0.0,0.0023937761819269898,0.0011968880909634949,0.0005984440454817474,0.003590664272890485,0.0,0.0011968880909634949,0.0,0.0023937761819269898,0.0017953321364452424,0.004189108318372232,0.0005984440454817474,0.003590664272890485,0.0011968880909634949,0.0,0.0011968880909634949,0.006582884500299222,0.0,0.002992220227408737,0.0017953321364452424,0.0005984440454817474,0.005385996409335727,0.0005984440454817474,0.0,0.0005984440454817474,0.0005984440454817474,0.005984440454817474,0.0023937761819269898,0.0023937761819269898,0.0,0.0017953321364452424,0.0,0.0017953321364452424,0.0011968880909634949,0.0005984440454817474,0.002992220227408737,0.004189108318372232,0.0017953321364452424,0.0,0.0005984440454817474,0.002992220227408737,0.0047875523638539795,0.0023937761819269898,0.008378216636744464,0.0017953321364452424,0.006582884500299222,0.0005984440454817474,0.0017953321364452424,0.0017953321364452424,0.0017953321364452424,0.0023937761819269898,0.003590664272890485,0.0005984440454817474,0.003590664272890485,0.0005984440454817474,0.0023937761819269898,0.0017953321364452424,0.0011968880909634949,0.0011968880909634949,0.0,0.00718132854578097,0.002992220227408737,0.0,0.0005984440454817474,0.0023937761819269898,0.0,0.002992220227408737,0.0017953321364452424,0.005385996409335727,0.002992220227408737,0.0005984440454817474,0.0011968880909634949,0.0,0.004189108318372232,0.0011968880909634949,0.0011968880909634949,0.0011968880909634949,0.0017953321364452424,0.005385996409335727,0.0011968880909634949,0.0005984440454817474,0.006582884500299222,0.0,0.0005984440454817474,0.0005984440454817474,0.0005984440454817474,0.0005984440454817474,0.0011968880909634949,0.0017953321364452424,0.003590664272890485,0.00718132854578097,0.0017953321364452424,0.004189108318372232,0.0,0.0023937761819269898,0.002992220227408737,0.005984440454817474,0.0005984440454817474,0.0011968880909634949,0.0017953321364452424,0.0011968880909634949,0.004189108318372232,0.002992220227408737,0.0,0.0,0.005385996409335727,0.0,0.003590664272890485,0.0005984440454817474,0.006582884500299222,0.0,0.0017953321364452424,0.005385996409335727,0.002992220227408737,0.005385996409335727,0.0,0.0,0.0005984440454817474,0.002992220227408737,0.0,0.003590664272890485,0.0,0.0,0.0023937761819269898,0.0005984440454817474,0.0,0.0,0.0023937761819269898,0.0005984440454817474,0.0017953321364452424,0.003590664272890485,0.0017953321364452424,0.0017953321364452424,0.0017953321364452424,0.0047875523638539795,0.0023937761819269898,0.005385996409335727,0.0,0.0,0.0005984440454817474,0.0011968880909634949,0.002992220227408737,0.0011968880909634949,0.0,0.0,0.0017953321364452424,0.0,0.002992220227408737,0.0017953321364452424,0.0023937761819269898,0.0017953321364452424,0.0005984440454817474,0.002992220227408737,0.0017953321364452424,0.0,0.0017953321364452424,0.004189108318372232,0.002992220227408737,0.0005984440454817474,0.0023937761819269898,0.004189108318372232,0.0047875523638539795,0.0023937761819269898,0.0,0.005984440454817474,0.0023937761819269898,0.0017953321364452424,0.0005984440454817474,0.007779772591262717,0.0011968880909634949,0.0017953321364452424,0.007779772591262717,0.0,0.0005984440454817474,0.002992220227408737,0.0023937761819269898,0.005984440454817474,0.004189108318372232,0.0,0.0023937761819269898,0.0,0.0011968880909634949,0.0023937761819269898,0.0005984440454817474,0.0005984440454817474,0.005385996409335727,0.0047875523638539795,0.0011968880909634949,0.0023937761819269898,0.002992220227408737,0.0017953321364452424,0.0017953321364452424,0.0011968880909634949,0.0023937761819269898,0.0017953321364452424,0.0,0.003590664272890485,0.0,0.0011968880909634949,0.0005984440454817474,0.0,0.003590664272890485,0.007779772591262717,0.0005984440454817474,0.0011968880909634949,0.0017953321364452424,0.0,0.0017953321364452424,0.0047875523638539795,0.0005984440454817474,0.0,0.002992220227408737,0.007779772591262717,0.002992220227408737,0.008976660682226212,0.0,0.004189108318372232,0.0,0.0,0.002992220227408737,0.0011968880909634949,0.0011968880909634949,0.0017953321364452424,0.004189108318372232,0.0017953321364452424,0.0005984440454817474,0.002992220227408737,0.0017953321364452424,0.0017953321364452424,0.0011968880909634949,0.005385996409335727,0.0005984440454817474,0.0,0.0005984440454817474,0.0,0.0005984440454817474,0.011968880909634948,0.0017953321364452424,0.0011968880909634949,0.0023937761819269898,0.0011968880909634949,0.0005984440454817474,0.0005984440454817474,0.003590664272890485,0.0023937761819269898,0.0005984440454817474,0.0023937761819269898,0.0011968880909634949,0.002992220227408737,0.0011968880909634949,0.0017953321364452424,0.002992220227408737,0.005385996409335727,0.0,0.0005984440454817474,0.006582884500299222,0.0023937761819269898,0.0011968880909634949,0.0005984440454817474,0.008976660682226212,0.0017953321364452424,0.0,0.0005984440454817474,0.0017953321364452424,0.0011968880909634949,0.0011968880909634949,0.002992220227408737,0.0047875523638539795,0.0011968880909634949,0.002992220227408737,0.0005984440454817474,0.0011968880909634949,0.0017953321364452424,0.0,0.0005984440454817474,0.0017953321364452424,0.0005984440454817474,0.0017953321364452424,0.0017953321364452424,0.0005984440454817474,0.0,0.0005984440454817474,0.0023937761819269898,0.0017953321364452424,0.002992220227408737,0.0005984440454817474,0.002992220227408737,0.0,0.0,0.002992220227408737,0.0005984440454817474,0.002992220227408737,0.0047875523638539795,0.002992220227408737,0.005984440454817474,0.0,0.0011968880909634949,0.0011968880909634949,0.0005984440454817474,0.0011968880909634949,0.004189108318372232,0.0023937761819269898,0.0005984440454817474,0.0,0.0005984440454817474,0.0005984440454817474,0.0017953321364452424,0.0,0.0005984440454817474,0.002992220227408737,0.0,0.0,0.0005984440454817474,0.0005984440454817474,0.0,0.0005984440454817474,0.0005984440454817474,0.0023937761819269898,0.0047875523638539795,0.0,0.0,0.0,0.0011968880909634949,0.0,0.0017953321364452424,0.0,0.0,0.005984440454817474,0.0,0.0023937761819269898,0.0,0.0023937761819269898,0.004189108318372232,0.010173548773189706,0.0005984440454817474,0.0,0.0,0.0011968880909634949,0.0023937761819269898,0.0011968880909634949,0.0023937761819269898,0.0,0.0,0.0,0.0,0.004189108318372232,0.0011968880909634949,0.0,0.0,0.0047875523638539795,0.0,0.0011968880909634949,0.0,0.0011968880909634949,0.0011968880909634949,0.0,0.0017953321364452424,0.0011968880909634949,0.0023937761819269898,0.0011968880909634949,0.0005984440454817474,0.0005984440454817474,0.002992220227408737,0.008378216636744464,0.0,0.0005984440454817474,0.003590664272890485,0.0011968880909634949,0.003590664272890485,0.0011968880909634949,0.0,0.0011968880909634949,0.0017953321364452424,0.0023937761819269898,0.0011968880909634949,0.0,0.0023937761819269898,0.0005984440454817474,0.004189108318372232,0.0017953321364452424,0.005385996409335727,0.004189108318372232,0.0,0.0047875523638539795,0.0005984440454817474,0.0017953321364452424,0.004189108318372232,0.0017953321364452424,0.0,0.0011968880909634949,0.0005984440454817474,0.0005984440454817474,0.008378216636744464,0.0005984440454817474,0.0005984440454817474,0.0011968880909634949,0.0017953321364452424,0.008976660682226212,0.0023937761819269898,0.0,0.0005984440454817474,0.0017953321364452424,0.0005984440454817474,0.0011968880909634949,0.0005984440454817474,0.0017953321364452424,0.013165769000598444,0.0011968880909634949,0.0017953321364452424,0.0005984440454817474,0.003590664272890485,0.004189108318372232,0.0005984440454817474,0.0,0.0023937761819269898,0.0017953321364452424,0.007779772591262717,0.0,0.0005984440454817474,0.0005984440454817474,0.0011968880909634949,0.002992220227408737,0.0,0.0017953321364452424,0.009575104727707959,0.0,0.0005984440454817474,0.0023937761819269898,0.0047875523638539795,0.0017953321364452424,0.002992220227408737,0.002992220227408737,0.0005984440454817474,0.0011968880909634949,0.004189108318372232,0.0,0.0011968880909634949,0.002992220227408737,0.003590664272890485,0.0017953321364452424,0.003590664272890485,0.0017953321364452424,0.0005984440454817474,0.014961101137043686,0.003590664272890485,0.0005984440454817474,0.0023937761819269898,0.0011968880909634949,0.0023937761819269898,0.0005984440454817474,0.0011968880909634949,0.0011968880909634949,0.0011968880909634949,0.0,0.0,0.0005984440454817474,0.0005984440454817474,0.003590664272890485,0.002992220227408737,0.0,0.0023937761819269898,0.0011968880909634949,0.0005984440454817474,0.0,0.0,0.0011968880909634949,0.0005984440454817474,0.0,0.0017953321364452424,0.0017953321364452424,0.0017953321364452424,0.0017953321364452424,0.0005984440454817474,0.0023937761819269898,0.0,0.0011968880909634949,0.0,0.004189108318372232,0.002992220227408737,0.0023937761819269898,0.0005984440454817474,0.0017953321364452424,0.0011968880909634949,0.0023937761819269898,0.0,0.0005984440454817474
1793ready88,0.002369668246445498,0.0,0.0005924170616113745,0.001184834123222749,0.004146919431279621,0.012440758293838863,0.0005924170616113745,0.0017772511848341231,0.006516587677725118,0.005924170616113744,0.0017772511848341231,0.001184834123222749,0.00533175355450237,0.0005924170616113745,0.0,0.002962085308056872,0.0005924170616113745,0.002369668246445498,0.002962085308056872,0.0035545023696682463,0.006516587677725118,0.0,0.0005924170616113745,0.001184834123222749,0.0,0.0017772511848341231,0.002369668246445498,0.002962085308056872,0.0,0.0005924170616113745,0.002369668246445498,0.0,0.0005924170616113745,0.001184834123222749,0.0,0.0,0.008293838862559242,0.001184834123222749,0.002369668246445498,0.0017772511848341231,0.0,0.001184834123222749,0.006516587677725118,0.0017772511848341231,0.008886255924170616,0.001184834123222749,0.0005924170616113745,0.004146919431279621,0.0,0.001184834123222749,0.0005924170616113745,0.002962085308056872,0.002369668246445498,0.0035545023696682463,0.0005924170616113745,0.0005924170616113745,0.001184834123222749,0.0005924170616113745,0.0035545023696682463,0.0005924170616113745,0.0035545023696682463,0.002369668246445498,0.0071090047393364926,0.0017772511848341231,0.0,0.001184834123222749,0.004739336492890996,0.0035545023696682463,0.001184834123222749,0.001184834123222749,0.0005924170616113745,0.005924170616113744,0.002369668246445498,0.004739336492890996,0.001184834123222749,0.002962085308056872,0.002369668246445498,0.004146919431279621,0.002369668246445498,0.002369668246445498,0.0017772511848341231,0.0035545023696682463,0.0017772511848341231,0.0017772511848341231,0.0017772511848341231,0.0005924170616113745,0.010071090047393365,0.0035545023696682463,0.001184834123222749,0.001184834123222749,0.0005924170616113745,0.001184834123222749,0.001184834123222749,0.001184834123222749,0.0005924170616113745,0.013033175355450236,0.001184834123222749,0.0017772511848341231,0.0,0.004146919431279621,0.0005924170616113745,0.001184834123222749,0.002962085308056872,0.002962085308056872,0.002962085308056872,0.001184834123222749,0.0017772511848341231,0.00533175355450237,0.0,0.0,0.0005924170616113745,0.0,0.0017772511848341231,0.0,0.0005924170616113745,0.002369668246445498,0.001184834123222749,0.0005924170616113745,0.004739336492890996,0.0005924170616113745,0.0005924170616113745,0.002962085308056872,0.0,0.001184834123222749,0.002962085308056872,0.002962085308056872,0.001184834123222749,0.0017772511848341231,0.002962085308056872,0.0,0.0,0.0035545023696682463,0.0,0.002962085308056872,0.004146919431279621,0.004146919431279621,0.0017772511848341231,0.0,0.0017772511848341231,0.004739336492890996,0.002962085308056872,0.001184834123222749,0.0005924170616113745,0.0005924170616113745,0.0035545023696682463,0.001184834123222749,0.0017772511848341231,0.002369668246445498,0.0005924170616113745,0.0,0.001184834123222749,0.0005924170616113745,0.0,0.0035545023696682463,0.0005924170616113745,0.0005924170616113745,0.001184834123222749,0.0005924170616113745,0.0,0.0,0.004739336492890996,0.0005924170616113745,0.011848341232227487,0.0,0.0,0.001184834123222749,0.0,0.005924170616113744,0.0005924170616113745,0.0,0.0,0.001184834123222749,0.0005924170616113745,0.0005924170616113745,0.008886255924170616,0.002962085308056872,0.002369668246445498,0.0,0.0,0.0,0.0,0.0017772511848341231,0.002369668246445498,0.0017772511848341231,0.0005924170616113745,0.0017772511848341231,0.0017772511848341231,0.002369668246445498,0.0,0.0,0.009478672985781991,0.002369668246445498,0.0,0.0,0.002962085308056872,0.0,0.001184834123222749,0.004146919431279621,0.0,0.0017772511848341231,0.0035545023696682463,0.0071090047393364926,0.0017772511848341231,0.004739336492890996,0.001184834123222749,0.0017772511848341231,0.0,0.001184834123222749,0.004739336492890996,0.0,0.0005924170616113745,0.0035545023696682463,0.0035545023696682463,0.0005924170616113745,0.00533175355450237,0.002962085308056872,0.0005924170616113745,0.001184834123222749,0.0,0.002962085308056872,0.002369668246445498,0.0,0.004146919431279621,0.0,0.0017772511848341231,0.001184834123222749,0.002369668246445498,0.0017772511848341231,0.002369668246445498,0.0017772511848341231,0.0005924170616113745,0.0,0.0005924170616113745,0.001184834123222749,0.0071090047393364926,0.002369668246445498,0.0005924170616113745,0.004146919431279621,0.002962085308056872,0.002962085308056872,0.008886255924170616,0.001184834123222749,0.0017772511848341231,0.0005924170616113745,0.0005924170616113745,0.0005924170616113745,0.001184834123222749,0.002962085308056872,0.001184834123222749,0.002369668246445498,0.0017772511848341231,0.0005924170616113745,0.0035545023696682463,0.0005924170616113745,0.00533175355450237,0.0,0.001184834123222749,0.0005924170616113745,0.0005924170616113745,0.002962085308056872,0.0,0.0,0.015402843601895734,0.002369668246445498,0.002369668246445498,0.002962085308056872,0.004739336492890996,0.004739336492890996,0.0005924170616113745,0.002369668246445498,0.001184834123222749,0.001184834123222749,0.004146919431279621,0.001184834123222749,0.001184834123222749,0.002369668246445498,0.001184834123222749,0.002369668246445498,0.002962085308056872,0.0,0.0005924170616113745,0.0035545023696682463,0.002369668246445498,0.0,0.0005924170616113745,0.002962085308056872,0.0017772511848341231,0.0,0.0017772511848341231,0.0005924170616113745,0.001184834123222749,0.001184834123222749,0.0,0.001184834123222749,0.0005924170616113745,0.0035545023696682463,0.0005924170616113745,0.001184834123222749,0.001184834123222749,0.0,0.0,0.001184834123222749,0.0005924170616113745,0.0035545023696682463,0.001184834123222749,0.001184834123222749,0.0005924170616113745,0.0017772511848341231,0.001184834123222749,0.002962085308056872,0.001184834123222749,0.0017772511848341231,0.0,0.001184834123222749,0.0005924170616113745,0.0035545023696682463,0.0005924170616113745,0.005924170616113744,0.0005924170616113745,0.001184834123222749,0.0,0.0005924170616113745,0.002962085308056872,0.001184834123222749,0.0005924170616113745,0.0017772511848341231,0.00533175355450237,0.0071090047393364926,0.0005924170616113745,0.0,0.002962085308056872,0.0005924170616113745,0.0,0.0,0.0035545023696682463,0.0017772511848341231,0.0005924170616113745,0.0,0.0,0.0,0.0,0.004146919431279621,0.002369668246445498,0.004739336492890996,0.002369668246445498,0.0005924170616113745,0.0017772511848341231,0.0,0.005924170616113744,0.0005924170616113745,0.0035545023696682463,0.0005924170616113745,0.002962085308056872,0.007701421800947867,0.001184834123222749,0.0017772511848341231,0.0017772511848341231,0.001184834123222749,0.0035545023696682463,0.006516587677725118,0.0035545023696682463,0.0005924170616113745,0.0,0.0017772511848341231,0.0035545023696682463,0.0017772511848341231,0.0035545023696682463,0.002369668246445498,0.0005924170616113745,0.001184834123222749,0.0,0.001184834123222749,0.001184834123222749,0.0005924170616113745,0.0,0.004739336492890996,0.0017772511848341231,0.0005924170616113745,0.0,0.0005924170616113745,0.002369668246445498,0.002369668246445498,0.001184834123222749,0.0,0.00533175355450237,0.0005924170616113745,0.001184834123222749,0.001184834123222749,0.006516587677725118,0.0005924170616113745,0.0005924170616113745,0.0,0.00533175355450237,0.004146919431279621,0.002962085308056872,0.0,0.0,0.0005924170616113745,0.001184834123222749,0.002962085308056872,0.0005924170616113745,0.0,0.0017772511848341231,0.001184834123222749,0.0017772511848341231,0.0005924170616113745,0.001184834123222749,0.0035545023696682463,0.0,0.0017772511848341231,0.0005924170616113745,0.00533175355450237,0.0017772511848341231,0.002369668246445498,0.0005924170616113745,0.001184834123222749,0.002369668246445498,0.0,0.002962085308056872,0.0005924170616113745,0.0017772511848341231,0.0017772511848341231,0.002962085308056872,0.0017772511848341231,0.002962085308056872,0.0,0.001184834123222749,0.001184834123222749,0.001184834123222749,0.002369668246445498,0.002369668246445498,0.004739336492890996,0.017180094786729858,0.004146919431279621,0.001184834123222749,0.0017772511848341231,0.001184834123222749,0.006516587677725118,0.002369668246445498,0.0017772511848341231,0.0,0.0017772511848341231,0.004739336492890996,0.0,0.002962085308056872,0.0005924170616113745,0.0,0.0,0.0005924170616113745,0.0071090047393364926,0.0017772511848341231,0.0,0.002369668246445498,0.002962085308056872,0.0035545023696682463,0.002962085308056872,0.004739336492890996,0.002369668246445498,0.002369668246445498,0.001184834123222749,0.002369668246445498,0.0,0.002369668246445498,0.0005924170616113745,0.006516587677725118,0.0005924170616113745,0.0017772511848341231,0.002369668246445498,0.0,0.001184834123222749,0.0,0.0,0.001184834123222749,0.0,0.001184834123222749,0.001184834123222749,0.002962085308056872,0.0005924170616113745,0.001184834123222749,0.0005924170616113745,0.0005924170616113745,0.001184834123222749,0.001184834123222749,0.002962085308056872,0.0005924170616113745,0.0,0.002962085308056872,0.002369668246445498,0.0005924170616113745,0.0005924170616113745,0.001184834123222749,0.0005924170616113745,0.0005924170616113745,0.0005924170616113745,0.002369668246445498,0.001184834123222749,0.0035545023696682463,0.001184834123222749,0.001184834123222749,0.0017772511848341231,0.0005924170616113745,0.001184834123222749,0.001184834123222749,0.001184834123222749,0.001184834123222749,0.0017772511848341231,0.0017772511848341231,0.002962085308056872,0.001184834123222749,0.001184834123222749,0.001184834123222749,0.0005924170616113745
1803lateDisease9,0.0005263157894736842,0.004210526315789474,0.0015789473684210526,0.002105263157894737,0.0010526315789473684,0.0,0.0005263157894736842,0.0036842105263157894,0.002105263157894737,0.0,0.002105263157894737,0.002105263157894737,0.008421052631578947,0.002631578947368421,0.0015789473684210526,0.0015789473684210526,0.002631578947368421,0.0005263157894736842,0.0010526315789473684,0.0010526315789473684,0.0015789473684210526,0.0,0.002105263157894737,0.0005263157894736842,0.0,0.0,0.0015789473684210526,0.0010526315789473684,0.002631578947368421,0.0005263157894736842,0.0,0.002631578947368421,0.005263157894736842,0.004210526315789474,0.002105263157894737,0.0015789473684210526,0.002105263157894737,0.003157894736842105,0.002631578947368421,0.0010526315789473684,0.0,0.0005263157894736842,0.0,0.0015789473684210526,0.0010526315789473684,0.0010526315789473684,0.0010526315789473684,0.0,0.004210526315789474,0.005789473684210527,0.004210526315789474,0.002105263157894737,0.0,0.0005263157894736842,0.0010526315789473684,0.0010526315789473684,0.0015789473684210526,0.0015789473684210526,0.002105263157894737,0.002105263157894737,0.0005263157894736842,0.002631578947368421,0.0010526315789473684,0.0015789473684210526,0.002105263157894737,0.0015789473684210526,0.004210526315789474,0.0015789473684210526,0.0005263157894736842,0.0005263157894736842,0.002105263157894737,0.0,0.004210526315789474,0.0010526315789473684,0.0005263157894736842,0.0,0.003157894736842105,0.0005263157894736842,0.0005263157894736842,0.0005263157894736842,0.002631578947368421,0.002631578947368421,0.0005263157894736842,0.0015789473684210526,0.0010526315789473684,0.0015789473684210526,0.0,0.0015789473684210526,0.002105263157894737,0.0010526315789473684,0.002105263157894737,0.005789473684210527,0.0,0.0036842105263157894,0.0036842105263157894,0.002631578947368421,0.002105263157894737,0.0015789473684210526,0.002631578947368421,0.0015789473684210526,0.0005263157894736842,0.0005263157894736842,0.0010526315789473684,0.0036842105263157894,0.0,0.002105263157894737,0.0010526315789473684,0.0005263157894736842,0.0010526315789473684,0.0015789473684210526,0.002631578947368421,0.003157894736842105,0.002105263157894737,0.002631578947368421,0.0010526315789473684,0.002631578947368421,0.0005263157894736842,0.002105263157894737,0.0010526315789473684,0.0015789473684210526,0.0015789473684210526,0.002631578947368421,0.0,0.004210526315789474,0.002105263157894737,0.0005263157894736842,0.0005263157894736842,0.004736842105263158,0.003157894736842105,0.002631578947368421,0.002631578947368421,0.0,0.0036842105263157894,0.003157894736842105,0.003157894736842105,0.002105263157894737,0.002105263157894737,0.005263157894736842,0.002105263157894737,0.0036842105263157894,0.0005263157894736842,0.0005263157894736842,0.0015789473684210526,0.0010526315789473684,0.002631578947368421,0.002105263157894737,0.0010526315789473684,0.004210526315789474,0.0010526315789473684,0.0010526315789473684,0.0015789473684210526,0.006842105263157895,0.003157894736842105,0.0010526315789473684,0.0010526315789473684,0.0010526315789473684,0.0015789473684210526,0.0,0.0010526315789473684,0.0005263157894736842,0.003157894736842105,0.0015789473684210526,0.0,0.002105263157894737,0.002105263157894737,0.0005263157894736842,0.002105263157894737,0.0010526315789473684,0.0010526315789473684,0.002631578947368421,0.002631578947368421,0.003157894736842105,0.002105263157894737,0.002105263157894737,0.002631578947368421,0.0015789473684210526,0.002631578947368421,0.0010526315789473684,0.004736842105263158,0.0010526315789473684,0.008421052631578947,0.002105263157894737,0.0,0.002105263157894737,0.005263157894736842,0.005263157894736842,0.0015789473684210526,0.0010526315789473684,0.0010526315789473684,0.007368421052631579,0.005789473684210527,0.0010526315789473684,0.0,0.003157894736842105,0.0005263157894736842,0.0010526315789473684,0.002631578947368421,0.0010526315789473684,0.0005263157894736842,0.0015789473684210526,0.0005263157894736842,0.0005263157894736842,0.002631578947368421,0.002105263157894737,0.0015789473684210526,0.0010526315789473684,0.0005263157894736842,0.002105263157894737,0.0,0.002105263157894737,0.004210526315789474,0.002105263157894737,0.0015789473684210526,0.002105263157894737,0.002105263157894737,0.0015789473684210526,0.002631578947368421,0.0010526315789473684,0.0005263157894736842,0.0036842105263157894,0.002105263157894737,0.0036842105263157894,0.0015789473684210526,0.0036842105263157894,0.0005263157894736842,0.0,0.005789473684210527,0.003157894736842105,0.0005263157894736842,0.002105263157894737,0.0015789473684210526,0.002631578947368421,0.004210526315789474,0.0015789473684210526,0.0005263157894736842,0.0010526315789473684,0.0015789473684210526,0.0015789473684210526,0.0,0.0015789473684210526,0.0,0.0015789473684210526,0.0015789473684210526,0.0010526315789473684,0.002105263157894737,0.0015789473684210526,0.002631578947368421,0.0015789473684210526,0.0015789473684210526,0.0005263157894736842,0.002105263157894737,0.005263157894736842,0.0015789473684210526,0.002105263157894737,0.003157894736842105,0.0010526315789473684,0.0010526315789473684,0.0005263157894736842,0.0036842105263157894,0.0015789473684210526,0.0015789473684210526,0.002631578947368421,0.0,0.0,0.0036842105263157894,0.0015789473684210526,0.003157894736842105,0.002105263157894737,0.002105263157894737,0.0005263157894736842,0.004210526315789474,0.0010526315789473684,0.0036842105263157894,0.0010526315789473684,0.0036842105263157894,0.002105263157894737,0.0015789473684210526,0.0010526315789473684,0.002105263157894737,0.002105263157894737,0.003157894736842105,0.006842105263157895,0.002631578947368421,0.0015789473684210526,0.002631578947368421,0.0015789473684210526,0.0015789473684210526,0.002631578947368421,0.0015789473684210526,0.0010526315789473684,0.0010526315789473684,0.004210526315789474,0.0015789473684210526,0.0,0.0010526315789473684,0.0010526315789473684,0.0010526315789473684,0.0015789473684210526,0.0,0.004210526315789474,0.005789473684210527,0.0015789473684210526,0.0010526315789473684,0.0015789473684210526,0.0005263157894736842,0.002105263157894737,0.0010526315789473684,0.0010526315789473684,0.0010526315789473684,0.0005263157894736842,0.0005263157894736842,0.0015789473684210526,0.0015789473684210526,0.0015789473684210526,0.0015789473684210526,0.0005263157894736842,0.0015789473684210526,0.002631578947368421,0.0005263157894736842,0.0015789473684210526,0.0005263157894736842,0.002105263157894737,0.0015789473684210526,0.004736842105263158,0.002105263157894737,0.0010526315789473684,0.0010526315789473684,0.0,0.0005263157894736842,0.004736842105263158,0.0036842105263157894,0.0010526315789473684,0.0015789473684210526,0.002105263157894737,0.004210526315789474,0.0005263157894736842,0.0015789473684210526,0.0005263157894736842,0.004736842105263158,0.005789473684210527,0.0,0.0010526315789473684,0.003157894736842105,0.002631578947368421,0.002631578947368421,0.002105263157894737,0.0010526315789473684,0.0005263157894736842,0.002105263157894737,0.002631578947368421,0.002105263157894737,0.0015789473684210526,0.003157894736842105,0.0,0.0010526315789473684,0.0005263157894736842,0.0010526315789473684,0.002105263157894737,0.0015789473684210526,0.002631578947368421,0.003157894736842105,0.003157894736842105,0.004210526315789474,0.002105263157894737,0.002105263157894737,0.0005263157894736842,0.002631578947368421,0.002105263157894737,0.0010526315789473684,0.002105263157894737,0.0015789473684210526,0.0005263157894736842,0.002631578947368421,0.0015789473684210526,0.0015789473684210526,0.002105263157894737,0.0036842105263157894,0.0005263157894736842,0.0036842105263157894,0.002105263157894737,0.002105263157894737,0.0005263157894736842,0.0036842105263157894,0.002631578947368421,0.0,0.0015789473684210526,0.002631578947368421,0.004210526315789474,0.002105263157894737,0.002631578947368421,0.004210526315789474,0.0015789473684210526,0.0,0.002631578947368421,0.0,0.003157894736842105,0.0005263157894736842,0.002631578947368421,0.003157894736842105,0.0010526315789473684,0.002631578947368421,0.0010526315789473684,0.003157894736842105,0.004736842105263158,0.0,0.002631578947368421,0.0,0.0,0.0015789473684210526,0.007368421052631579,0.0005263157894736842,0.002631578947368421,0.0010526315789473684,0.002105263157894737,0.0,0.0,0.002105263157894737,0.004210526315789474,0.0,0.0015789473684210526,0.002631578947368421,0.0015789473684210526,0.0015789473684210526,0.002105263157894737,0.002105263157894737,0.002631578947368421,0.002105263157894737,0.004736842105263158,0.0036842105263157894,0.0015789473684210526,0.0010526315789473684,0.002631578947368421,0.0005263157894736842,0.0,0.0015789473684210526,0.0036842105263157894,0.0015789473684210526,0.0010526315789473684,0.002105263157894737,0.004736842105263158,0.0015789473684210526,0.003157894736842105,0.0015789473684210526,0.0015789473684210526,0.003157894736842105,0.0010526315789473684,0.002631578947368421,0.0005263157894736842,0.003157894736842105,0.0005263157894736842,0.0005263157894736842,0.004210526315789474,0.002105263157894737,0.002631578947368421,0.0010526315789473684,0.0010526315789473684,0.0,0.002631578947368421,0.0,0.0036842105263157894,0.0,0.003157894736842105,0.002631578947368421,0.004210526315789474,0.0005263157894736842,0.003157894736842105,0.002105263157894737,0.0005263157894736842,0.004736842105263158,0.0005263157894736842,0.002631578947368421,0.0005263157894736842,0.0005263157894736842,0.008947368421052631,0.004736842105263158,0.0010526315789473684,0.0036842105263157894,0.002105263157894737,0.002105263157894737,0.004736842105263158,0.002105263157894737,0.0010526315789473684,0.004736842105263158,0.0015789473684210526,0.004210526315789474,0.0010526315789473684,0.0005263157894736842,0.0005263157894736842,0.002105263157894737,0.0036842105263157894,0.002105263157894737,0.002631578947368421,0.002105263157894737,0.002631578947368421,0.0015789473684210526,0.0015789473684210526,0.0010526315789473684,0.0010526315789473684,0.0010526315789473684,0.009473684210526316,0.002631578947368421,0.0,0.0015789473684210526,0.002105263157894737,0.0015789473684210526,0.0015789473684210526,0.002631578947368421,0.0005263157894736842,0.003157894736842105,0.0,0.0,0.0010526315789473684
1808readyDisease8,0.001027221366204417,0.004622496147919877,0.0005136106831022085,0.0025680534155110425,0.0015408320493066256,0.0025680534155110425,0.0,0.0015408320493066256,0.0,0.0015408320493066256,0.0025680534155110425,0.0035952747817154596,0.0,0.002054442732408834,0.005649717514124294,0.002054442732408834,0.0,0.0,0.001027221366204417,0.0015408320493066256,0.0005136106831022085,0.0015408320493066256,0.0035952747817154596,0.002054442732408834,0.004108885464817668,0.008217770929635337,0.001027221366204417,0.0015408320493066256,0.0015408320493066256,0.0,0.0,0.001027221366204417,0.005649717514124294,0.001027221366204417,0.0025680534155110425,0.0015408320493066256,0.0,0.002054442732408834,0.0030816640986132513,0.0015408320493066256,0.0,0.004622496147919877,0.0005136106831022085,0.002054442732408834,0.0005136106831022085,0.0015408320493066256,0.001027221366204417,0.0,0.0015408320493066256,0.0061633281972265025,0.0005136106831022085,0.0030816640986132513,0.004108885464817668,0.0005136106831022085,0.002054442732408834,0.00667693888032871,0.004108885464817668,0.005649717514124294,0.0025680534155110425,0.001027221366204417,0.001027221366204417,0.0025680534155110425,0.004108885464817668,0.001027221366204417,0.0035952747817154596,0.0015408320493066256,0.0015408320493066256,0.001027221366204417,0.0030816640986132513,0.011299435028248588,0.0005136106831022085,0.001027221366204417,0.0035952747817154596,0.0005136106831022085,0.002054442732408834,0.0015408320493066256,0.002054442732408834,0.0,0.005136106831022085,0.0015408320493066256,0.0,0.0015408320493066256,0.0,0.0035952747817154596,0.0,0.0,0.001027221366204417,0.0035952747817154596,0.0025680534155110425,0.0005136106831022085,0.0030816640986132513,0.004108885464817668,0.007704160246533128,0.001027221366204417,0.0035952747817154596,0.0061633281972265025,0.002054442732408834,0.0,0.004108885464817668,0.0035952747817154596,0.001027221366204417,0.0,0.0030816640986132513,0.001027221366204417,0.0005136106831022085,0.0015408320493066256,0.0025680534155110425,0.0,0.002054442732408834,0.007190549563430919,0.0035952747817154596,0.0005136106831022085,0.001027221366204417,0.004108885464817668,0.0015408320493066256,0.0015408320493066256,0.004108885464817668,0.0025680534155110425,0.0,0.0,0.0015408320493066256,0.004108885464817668,0.007190549563430919,0.0035952747817154596,0.001027221366204417,0.0,0.002054442732408834,0.0015408320493066256,0.0,0.0,0.0005136106831022085,0.007704160246533128,0.0,0.0025680534155110425,0.001027221366204417,0.0,0.0005136106831022085,0.001027221366204417,0.0015408320493066256,0.0005136106831022085,0.0,0.0005136106831022085,0.0005136106831022085,0.002054442732408834,0.002054442732408834,0.0005136106831022085,0.001027221366204417,0.0005136106831022085,0.0035952747817154596,0.001027221366204417,0.0030816640986132513,0.0005136106831022085,0.0025680534155110425,0.0005136106831022085,0.0025680534155110425,0.004108885464817668,0.001027221366204417,0.0035952747817154596,0.0015408320493066256,0.002054442732408834,0.0,0.0015408320493066256,0.0,0.0,0.001027221366204417,0.0005136106831022085,0.001027221366204417,0.0015408320493066256,0.002054442732408834,0.0015408320493066256,0.0005136106831022085,0.0015408320493066256,0.0,0.002054442732408834,0.0015408320493066256,0.0035952747817154596,0.0005136106831022085,0.0015408320493066256,0.0061633281972265025,0.0,0.001027221366204417,0.0015408320493066256,0.001027221366204417,0.001027221366204417,0.001027221366204417,0.0035952747817154596,0.001027221366204417,0.0035952747817154596,0.001027221366204417,0.001027221366204417,0.004108885464817668,0.001027221366204417,0.0,0.0,0.0,0.005136106831022085,0.0005136106831022085,0.0015408320493066256,0.0005136106831022085,0.0025680534155110425,0.0005136106831022085,0.001027221366204417,0.0005136106831022085,0.0015408320493066256,0.0,0.0015408320493066256,0.001027221366204417,0.0025680534155110425,0.0005136106831022085,0.0025680534155110425,0.0030816640986132513,0.0005136106831022085,0.0025680534155110425,0.004108885464817668,0.002054442732408834,0.001027221366204417,0.0015408320493066256,0.0005136106831022085,0.0025680534155110425,0.0015408320493066256,0.0035952747817154596,0.0030816640986132513,0.0,0.001027221366204417,0.0005136106831022085,0.0015408320493066256,0.001027221366204417,0.0015408320493066256,0.004108885464817668,0.0005136106831022085,0.002054442732408834,0.0030816640986132513,0.0005136106831022085,0.0030816640986132513,0.005136106831022085,0.004108885464817668,0.0,0.0005136106831022085,0.004622496147919877,0.001027221366204417,0.0005136106831022085,0.0,0.0035952747817154596,0.0,0.002054442732408834,0.0015408320493066256,0.001027221366204417,0.0015408320493066256,0.0025680534155110425,0.002054442732408834,0.0005136106831022085,0.0025680534155110425,0.001027221366204417,0.002054442732408834,0.0030816640986132513,0.0025680534155110425,0.0025680534155110425,0.0,0.0,0.0005136106831022085,0.0025680534155110425,0.0025680534155110425,0.0,0.0,0.0,0.0005136106831022085,0.0030816640986132513,0.0030816640986132513,0.0015408320493066256,0.0005136106831022085,0.002054442732408834,0.002054442732408834,0.001027221366204417,0.005136106831022085,0.002054442732408834,0.0015408320493066256,0.004108885464817668,0.0005136106831022085,0.001027221366204417,0.0,0.0030816640986132513,0.0030816640986132513,0.0005136106831022085,0.0005136106831022085,0.0005136106831022085,0.002054442732408834,0.005136106831022085,0.002054442732408834,0.002054442732408834,0.0005136106831022085,0.0015408320493066256,0.0005136106831022085,0.002054442732408834,0.009758602978941962,0.0,0.002054442732408834,0.0,0.0015408320493066256,0.0030816640986132513,0.0,0.0,0.001027221366204417,0.004108885464817668,0.001027221366204417,0.002054442732408834,0.0015408320493066256,0.0005136106831022085,0.0035952747817154596,0.004108885464817668,0.0015408320493066256,0.0030816640986132513,0.0015408320493066256,0.002054442732408834,0.001027221366204417,0.004108885464817668,0.0,0.005136106831022085,0.001027221366204417,0.01078582434514638,0.0015408320493066256,0.0005136106831022085,0.0035952747817154596,0.0035952747817154596,0.0025680534155110425,0.002054442732408834,0.001027221366204417,0.0025680534155110425,0.0,0.001027221366204417,0.001027221366204417,0.0005136106831022085,0.0035952747817154596,0.0005136106831022085,0.0005136106831022085,0.0005136106831022085,0.0005136106831022085,0.0061633281972265025,0.008731381612737545,0.0030816640986132513,0.0015408320493066256,0.0,0.004622496147919877,0.002054442732408834,0.0015408320493066256,0.002054442732408834,0.0,0.002054442732408834,0.0015408320493066256,0.0015408320493066256,0.0005136106831022085,0.0025680534155110425,0.0,0.0005136106831022085,0.001027221366204417,0.004108885464817668,0.0,0.0035952747817154596,0.0035952747817154596,0.0005136106831022085,0.0035952747817154596,0.001027221366204417,0.0,0.0005136106831022085,0.0025680534155110425,0.001027221366204417,0.0015408320493066256,0.002054442732408834,0.004108885464817668,0.002054442732408834,0.002054442732408834,0.002054442732408834,0.0005136106831022085,0.002054442732408834,0.004108885464817668,0.0,0.001027221366204417,0.0015408320493066256,0.001027221366204417,0.001027221366204417,0.0005136106831022085,0.0025680534155110425,0.0,0.004108885464817668,0.0015408320493066256,0.0,0.0015408320493066256,0.001027221366204417,0.001027221366204417,0.0005136106831022085,0.009244992295839754,0.0030816640986132513,0.0005136106831022085,0.0025680534155110425,0.0030816640986132513,0.004622496147919877,0.002054442732408834,0.001027221366204417,0.001027221366204417,0.0025680534155110425,0.0005136106831022085,0.0035952747817154596,0.0,0.0035952747817154596,0.0015408320493066256,0.0030816640986132513,0.0015408320493066256,0.0061633281972265025,0.0,0.001027221366204417,0.0025680534155110425,0.001027221366204417,0.0025680534155110425,0.004108885464817668,0.001027221366204417,0.0,0.001027221366204417,0.002054442732408834,0.004108885464817668,0.005649717514124294,0.0025680534155110425,0.0030816640986132513,0.0005136106831022085,0.0025680534155110425,0.0005136106831022085,0.0005136106831022085,0.0005136106831022085,0.004108885464817668,0.001027221366204417,0.0030816640986132513,0.002054442732408834,0.0,0.0005136106831022085,0.0,0.001027221366204417,0.004108885464817668,0.0025680534155110425,0.002054442732408834,0.0015408320493066256,0.002054442732408834,0.0015408320493066256,0.002054442732408834,0.0025680534155110425,0.0,0.0,0.004108885464817668,0.004622496147919877,0.0005136106831022085,0.004622496147919877,0.0025680534155110425,0.001027221366204417,0.001027221366204417,0.0005136106831022085,0.004108885464817668,0.002054442732408834,0.0005136106831022085,0.0025680534155110425,0.0,0.004622496147919877,0.009758602978941962,0.0015408320493066256,0.004108885464817668,0.0,0.0005136106831022085,0.0030816640986132513,0.001027221366204417,0.0035952747817154596,0.005136106831022085,0.0005136106831022085,0.00667693888032871,0.0005136106831022085,0.0,0.004622496147919877,0.0015408320493066256,0.0025680534155110425,0.0025680534155110425,0.0030816640986132513,0.002054442732408834,0.0035952747817154596,0.001027221366204417,0.004108885464817668,0.0030816640986132513,0.0005136106831022085,0.004108885464817668,0.002054442732408834,0.005136106831022085,0.0,0.0015408320493066256,0.0,0.002054442732408834,0.0005136106831022085,0.0,0.0015408320493066256,0.0025680534155110425,0.0025680534155110425,0.0025680534155110425,0.0015408320493066256,0.001027221366204417,0.001027221366204417,0.0035952747817154596,0.0030816640986132513,0.0,0.0,0.0,0.001027221366204417,0.002054442732408834,0.0015408320493066256,0.0005136106831022085,0.002054442732408834,0.002054442732408834,0.004108885464817668,0.001027221366204417,0.001027221366204417
1793ready75,0.0006075334143377885,0.0018226002430133657,0.0006075334143377885,0.003037667071688943,0.00850546780072904,0.0,0.0,0.00850546780072904,0.00425273390036452,0.003037667071688943,0.001215066828675577,0.002430133657351154,0.0018226002430133657,0.0006075334143377885,0.0054678007290400975,0.0,0.0,0.00425273390036452,0.0006075334143377885,0.004860267314702308,0.0006075334143377885,0.0018226002430133657,0.001215066828675577,0.002430133657351154,0.003037667071688943,0.0006075334143377885,0.0,0.0006075334143377885,0.0006075334143377885,0.004860267314702308,0.001215066828675577,0.006075334143377886,0.0,0.002430133657351154,0.0,0.0006075334143377885,0.0006075334143377885,0.001215066828675577,0.0006075334143377885,0.0,0.0,0.006075334143377886,0.0006075334143377885,0.002430133657351154,0.0,0.0006075334143377885,0.002430133657351154,0.002430133657351154,0.0054678007290400975,0.0006075334143377885,0.0006075334143377885,0.00850546780072904,0.001215066828675577,0.0018226002430133657,0.001215066828675577,0.0006075334143377885,0.0018226002430133657,0.002430133657351154,0.0036452004860267314,0.001215066828675577,0.003037667071688943,0.0054678007290400975,0.0,0.0,0.0,0.002430133657351154,0.002430133657351154,0.0018226002430133657,0.010935601458080195,0.003037667071688943,0.007897934386391251,0.0006075334143377885,0.0018226002430133657,0.001215066828675577,0.002430133657351154,0.003037667071688943,0.001215066828675577,0.0,0.002430133657351154,0.0,0.0036452004860267314,0.0018226002430133657,0.0006075334143377885,0.0,0.0006075334143377885,0.007897934386391251,0.001215066828675577,0.0,0.0006075334143377885,0.0,0.0006075334143377885,0.002430133657351154,0.006075334143377886,0.0006075334143377885,0.003037667071688943,0.0,0.0036452004860267314,0.001215066828675577,0.003037667071688943,0.0018226002430133657,0.0,0.0018226002430133657,0.001215066828675577,0.0018226002430133657,0.0006075334143377885,0.0006075334143377885,0.0036452004860267314,0.00425273390036452,0.0006075334143377885,0.0006075334143377885,0.0018226002430133657,0.0006075334143377885,0.0018226002430133657,0.0,0.0018226002430133657,0.006075334143377886,0.0036452004860267314,0.0018226002430133657,0.0,0.002430133657351154,0.0018226002430133657,0.018226002430133656,0.002430133657351154,0.0006075334143377885,0.001215066828675577,0.0006075334143377885,0.0054678007290400975,0.00425273390036452,0.0006075334143377885,0.0,0.0036452004860267314,0.0,0.002430133657351154,0.0,0.001215066828675577,0.001215066828675577,0.0,0.0,0.0018226002430133657,0.002430133657351154,0.0,0.0,0.0,0.001215066828675577,0.0,0.001215066828675577,0.0006075334143377885,0.0,0.0036452004860267314,0.0006075334143377885,0.0018226002430133657,0.0006075334143377885,0.002430133657351154,0.0036452004860267314,0.0006075334143377885,0.0036452004860267314,0.0018226002430133657,0.001215066828675577,0.001215066828675577,0.004860267314702308,0.0018226002430133657,0.013365735115431349,0.0,0.0,0.0,0.0,0.002430133657351154,0.0,0.0,0.0,0.0006075334143377885,0.0,0.002430133657351154,0.0036452004860267314,0.0018226002430133657,0.0006075334143377885,0.004860267314702308,0.00425273390036452,0.003037667071688943,0.0,0.003037667071688943,0.0006075334143377885,0.0006075334143377885,0.0,0.002430133657351154,0.0006075334143377885,0.0,0.003037667071688943,0.0006075334143377885,0.01275820170109356,0.0006075334143377885,0.0018226002430133657,0.0,0.002430133657351154,0.0,0.0006075334143377885,0.002430133657351154,0.0006075334143377885,0.003037667071688943,0.002430133657351154,0.001215066828675577,0.003037667071688943,0.001215066828675577,0.0,0.001215066828675577,0.001215066828675577,0.0036452004860267314,0.0018226002430133657,0.004860267314702308,0.003037667071688943,0.002430133657351154,0.003037667071688943,0.0018226002430133657,0.003037667071688943,0.002430133657351154,0.0,0.0018226002430133657,0.00425273390036452,0.00425273390036452,0.0006075334143377885,0.0,0.001215066828675577,0.0006075334143377885,0.0006075334143377885,0.0006075334143377885,0.0018226002430133657,0.001215066828675577,0.00425273390036452,0.0,0.0,0.0006075334143377885,0.0,0.003037667071688943,0.007897934386391251,0.0006075334143377885,0.0006075334143377885,0.0018226002430133657,0.006682867557715674,0.002430133657351154,0.006075334143377886,0.0006075334143377885,0.0,0.0,0.0018226002430133657,0.002430133657351154,0.0036452004860267314,0.0,0.0006075334143377885,0.0006075334143377885,0.0018226002430133657,0.0036452004860267314,0.001215066828675577,0.003037667071688943,0.002430133657351154,0.0006075334143377885,0.0,0.00425273390036452,0.0,0.0,0.001215066828675577,0.0006075334143377885,0.0,0.007897934386391251,0.0006075334143377885,0.0,0.0018226002430133657,0.0006075334143377885,0.0006075334143377885,0.001215066828675577,0.0006075334143377885,0.0006075334143377885,0.0,0.001215066828675577,0.002430133657351154,0.0018226002430133657,0.002430133657351154,0.0006075334143377885,0.003037667071688943,0.002430133657351154,0.0,0.0006075334143377885,0.01761846901579587,0.0,0.0,0.001215066828675577,0.004860267314702308,0.0,0.0,0.003037667071688943,0.001215066828675577,0.001215066828675577,0.0018226002430133657,0.001215066828675577,0.0006075334143377885,0.0006075334143377885,0.0036452004860267314,0.0,0.0006075334143377885,0.0006075334143377885,0.0,0.0,0.0018226002430133657,0.001215066828675577,0.003037667071688943,0.001215066828675577,0.0,0.0,0.0,0.002430133657351154,0.00425273390036452,0.002430133657351154,0.0036452004860267314,0.0,0.001215066828675577,0.0,0.0006075334143377885,0.0006075334143377885,0.001215066828675577,0.01275820170109356,0.0018226002430133657,0.003037667071688943,0.0,0.001215066828675577,0.0006075334143377885,0.0006075334143377885,0.002430133657351154,0.0006075334143377885,0.002430133657351154,0.0,0.0,0.003037667071688943,0.001215066828675577,0.0054678007290400975,0.0,0.001215066828675577,0.0054678007290400975,0.001215066828675577,0.001215066828675577,0.00425273390036452,0.003037667071688943,0.0,0.002430133657351154,0.0,0.004860267314702308,0.003037667071688943,0.0,0.003037667071688943,0.0,0.002430133657351154,0.0,0.0006075334143377885,0.0006075334143377885,0.002430133657351154,0.010935601458080195,0.0006075334143377885,0.0,0.001215066828675577,0.002430133657351154,0.0036452004860267314,0.003037667071688943,0.003037667071688943,0.0,0.0006075334143377885,0.001215066828675577,0.0036452004860267314,0.0036452004860267314,0.0,0.001215066828675577,0.0,0.001215066828675577,0.0,0.0036452004860267314,0.002430133657351154,0.0006075334143377885,0.0,0.001215066828675577,0.001215066828675577,0.002430133657351154,0.0,0.0006075334143377885,0.0006075334143377885,0.0,0.0006075334143377885,0.0,0.004860267314702308,0.0036452004860267314,0.0,0.0006075334143377885,0.002430133657351154,0.00425273390036452,0.0,0.0,0.006075334143377886,0.003037667071688943,0.0054678007290400975,0.001215066828675577,0.0006075334143377885,0.0006075334143377885,0.0,0.0,0.0018226002430133657,0.0,0.002430133657351154,0.00425273390036452,0.006682867557715674,0.001215066828675577,0.007290400972053463,0.002430133657351154,0.0006075334143377885,0.00425273390036452,0.0006075334143377885,0.00425273390036452,0.0054678007290400975,0.003037667071688943,0.0,0.001215066828675577,0.0006075334143377885,0.0006075334143377885,0.003037667071688943,0.001215066828675577,0.00425273390036452,0.0006075334143377885,0.0,0.0018226002430133657,0.0018226002430133657,0.0,0.0018226002430133657,0.0,0.0,0.004860267314702308,0.0036452004860267314,0.001215066828675577,0.016403402187120292,0.002430133657351154,0.0036452004860267314,0.004860267314702308,0.002430133657351154,0.002430133657351154,0.003037667071688943,0.0018226002430133657,0.001215066828675577,0.002430133657351154,0.0018226002430133657,0.0,0.002430133657351154,0.0,0.0006075334143377885,0.0054678007290400975,0.001215066828675577,0.0006075334143377885,0.001215066828675577,0.0,0.002430133657351154,0.002430133657351154,0.002430133657351154,0.003037667071688943,0.0018226002430133657,0.0018226002430133657,0.0036452004860267314,0.001215066828675577,0.001215066828675577,0.0006075334143377885,0.0,0.0036452004860267314,0.0054678007290400975,0.0,0.0018226002430133657,0.0006075334143377885,0.006682867557715674,0.012150668286755772,0.004860267314702308,0.001215066828675577,0.0054678007290400975,0.0006075334143377885,0.001215066828675577,0.0,0.001215066828675577,0.003037667071688943,0.0,0.0,0.001215066828675577,0.0006075334143377885,0.0018226002430133657,0.001215066828675577,0.00425273390036452,0.0006075334143377885,0.0006075334143377885,0.001215066828675577,0.002430133657351154,0.0,0.0006075334143377885,0.0,0.0,0.0006075334143377885,0.0006075334143377885,0.001215066828675577,0.004860267314702308,0.0018226002430133657,0.001215066828675577,0.0,0.0,0.0,0.0006075334143377885,0.002430133657351154,0.004860267314702308,0.0006075334143377885,0.001215066828675577,0.003037667071688943,0.0036452004860267314,0.002430133657351154,0.0006075334143377885,0.002430133657351154
1793ready74,0.0016146393972012918,0.001076426264800861,0.0,0.0032292787944025836,0.001076426264800861,0.003767491926803014,0.0,0.0016146393972012918,0.001076426264800861,0.005382131324004306,0.001076426264800861,0.001076426264800861,0.0016146393972012918,0.002691065662002153,0.0016146393972012918,0.002691065662002153,0.0,0.001076426264800861,0.0016146393972012918,0.002152852529601722,0.0005382131324004305,0.004305705059203444,0.0,0.001076426264800861,0.0,0.0005382131324004305,0.0016146393972012918,0.002691065662002153,0.006458557588805167,0.0016146393972012918,0.001076426264800861,0.0016146393972012918,0.0005382131324004305,0.0005382131324004305,0.002152852529601722,0.002691065662002153,0.0005382131324004305,0.002691065662002153,0.0032292787944025836,0.0,0.0,0.002691065662002153,0.004305705059203444,0.0016146393972012918,0.003767491926803014,0.0,0.0005382131324004305,0.0005382131324004305,0.0005382131324004305,0.001076426264800861,0.002691065662002153,0.004305705059203444,0.0016146393972012918,0.002691065662002153,0.0016146393972012918,0.0032292787944025836,0.002152852529601722,0.0032292787944025836,0.0016146393972012918,0.0005382131324004305,0.003767491926803014,0.0016146393972012918,0.0032292787944025836,0.002152852529601722,0.0005382131324004305,0.002691065662002153,0.0005382131324004305,0.0,0.0016146393972012918,0.0,0.003767491926803014,0.004843918191603875,0.0005382131324004305,0.003767491926803014,0.0016146393972012918,0.002152852529601722,0.001076426264800861,0.002691065662002153,0.004843918191603875,0.0032292787944025836,0.001076426264800861,0.0005382131324004305,0.001076426264800861,0.0032292787944025836,0.0016146393972012918,0.003767491926803014,0.005920344456404736,0.001076426264800861,0.003767491926803014,0.002152852529601722,0.001076426264800861,0.0005382131324004305,0.001076426264800861,0.001076426264800861,0.003767491926803014,0.00968783638320775,0.001076426264800861,0.002152852529601722,0.0005382131324004305,0.003767491926803014,0.0005382131324004305,0.0016146393972012918,0.005920344456404736,0.0,0.0005382131324004305,0.0016146393972012918,0.002691065662002153,0.0005382131324004305,0.0,0.002691065662002153,0.0016146393972012918,0.003767491926803014,0.002152852529601722,0.001076426264800861,0.004843918191603875,0.0032292787944025836,0.001076426264800861,0.002691065662002153,0.002152852529601722,0.001076426264800861,0.0005382131324004305,0.0032292787944025836,0.002152852529601722,0.0016146393972012918,0.0005382131324004305,0.0016146393972012918,0.0005382131324004305,0.001076426264800861,0.002691065662002153,0.0,0.002691065662002153,0.001076426264800861,0.0,0.0016146393972012918,0.002691065662002153,0.0,0.003767491926803014,0.001076426264800861,0.0005382131324004305,0.0016146393972012918,0.0005382131324004305,0.0016146393972012918,0.0,0.002691065662002153,0.002152852529601722,0.0005382131324004305,0.0016146393972012918,0.0,0.001076426264800861,0.0016146393972012918,0.002152852529601722,0.0,0.0,0.0032292787944025836,0.0,0.0,0.0032292787944025836,0.001076426264800861,0.0016146393972012918,0.002152852529601722,0.0016146393972012918,0.001076426264800861,0.00968783638320775,0.0016146393972012918,0.0005382131324004305,0.001076426264800861,0.001076426264800861,0.0005382131324004305,0.005382131324004306,0.0005382131324004305,0.0,0.002152852529601722,0.0,0.0005382131324004305,0.005382131324004306,0.0016146393972012918,0.002691065662002153,0.002691065662002153,0.0005382131324004305,0.002152852529601722,0.0,0.002152852529601722,0.001076426264800861,0.0032292787944025836,0.0016146393972012918,0.003767491926803014,0.0,0.0005382131324004305,0.0032292787944025836,0.002152852529601722,0.001076426264800861,0.001076426264800861,0.0,0.0,0.0,0.002691065662002153,0.002152852529601722,0.0005382131324004305,0.001076426264800861,0.0016146393972012918,0.0032292787944025836,0.004843918191603875,0.0005382131324004305,0.001076426264800861,0.0,0.001076426264800861,0.001076426264800861,0.0005382131324004305,0.004843918191603875,0.0,0.0005382131324004305,0.002691065662002153,0.002691065662002153,0.0,0.004843918191603875,0.002152852529601722,0.004843918191603875,0.0005382131324004305,0.0005382131324004305,0.003767491926803014,0.003767491926803014,0.0,0.001076426264800861,0.0005382131324004305,0.002152852529601722,0.012378902045209902,0.0005382131324004305,0.001076426264800861,0.0016146393972012918,0.002152852529601722,0.002691065662002153,0.002152852529601722,0.0005382131324004305,0.001076426264800861,0.0016146393972012918,0.003767491926803014,0.001076426264800861,0.0016146393972012918,0.004305705059203444,0.0005382131324004305,0.006458557588805167,0.002152852529601722,0.002152852529601722,0.0,0.0032292787944025836,0.003767491926803014,0.0005382131324004305,0.0005382131324004305,0.001076426264800861,0.0016146393972012918,0.0016146393972012918,0.0,0.0016146393972012918,0.0005382131324004305,0.006458557588805167,0.0,0.002152852529601722,0.001076426264800861,0.0016146393972012918,0.0032292787944025836,0.0016146393972012918,0.0016146393972012918,0.015069967707212056,0.0005382131324004305,0.001076426264800861,0.0016146393972012918,0.0016146393972012918,0.006996770721205597,0.0005382131324004305,0.0016146393972012918,0.0032292787944025836,0.002691065662002153,0.004843918191603875,0.002152852529601722,0.0005382131324004305,0.0016146393972012918,0.0016146393972012918,0.0032292787944025836,0.0005382131324004305,0.0005382131324004305,0.001076426264800861,0.001076426264800861,0.001076426264800861,0.0032292787944025836,0.001076426264800861,0.0016146393972012918,0.0016146393972012918,0.0,0.001076426264800861,0.0016146393972012918,0.0016146393972012918,0.0016146393972012918,0.0016146393972012918,0.0005382131324004305,0.001076426264800861,0.005920344456404736,0.001076426264800861,0.004305705059203444,0.001076426264800861,0.0005382131324004305,0.0,0.0016146393972012918,0.0032292787944025836,0.0005382131324004305,0.0005382131324004305,0.002152852529601722,0.0032292787944025836,0.005382131324004306,0.001076426264800861,0.002152852529601722,0.002691065662002153,0.0032292787944025836,0.002152852529601722,0.002691065662002153,0.002691065662002153,0.002691065662002153,0.004843918191603875,0.004843918191603875,0.0,0.001076426264800861,0.0,0.0005382131324004305,0.0016146393972012918,0.0,0.0016146393972012918,0.0005382131324004305,0.003767491926803014,0.001076426264800861,0.001076426264800861,0.001076426264800861,0.001076426264800861,0.0005382131324004305,0.001076426264800861,0.0,0.001076426264800861,0.001076426264800861,0.002691065662002153,0.0,0.0,0.0,0.0005382131324004305,0.005382131324004306,0.002691065662002153,0.003767491926803014,0.002691065662002153,0.001076426264800861,0.002152852529601722,0.0005382131324004305,0.007534983853606028,0.001076426264800861,0.002691065662002153,0.0,0.0016146393972012918,0.005920344456404736,0.004843918191603875,0.0032292787944025836,0.0016146393972012918,0.001076426264800861,0.004305705059203444,0.002691065662002153,0.004305705059203444,0.0016146393972012918,0.0,0.002152852529601722,0.001076426264800861,0.002152852529601722,0.002152852529601722,0.003767491926803014,0.002691065662002153,0.0016146393972012918,0.0,0.0005382131324004305,0.003767491926803014,0.002152852529601722,0.0005382131324004305,0.0005382131324004305,0.005920344456404736,0.0005382131324004305,0.0016146393972012918,0.0,0.0016146393972012918,0.001076426264800861,0.0032292787944025836,0.0016146393972012918,0.001076426264800861,0.0032292787944025836,0.002152852529601722,0.0005382131324004305,0.002691065662002153,0.005382131324004306,0.0,0.0016146393972012918,0.003767491926803014,0.0016146393972012918,0.002152852529601722,0.004305705059203444,0.0,0.001076426264800861,0.0032292787944025836,0.0016146393972012918,0.0016146393972012918,0.0005382131324004305,0.002152852529601722,0.0016146393972012918,0.0005382131324004305,0.001076426264800861,0.0,0.001076426264800861,0.0005382131324004305,0.005920344456404736,0.002152852529601722,0.002691065662002153,0.002152852529601722,0.004843918191603875,0.0,0.0005382131324004305,0.007534983853606028,0.0,0.0016146393972012918,0.0016146393972012918,0.001076426264800861,0.0005382131324004305,0.0016146393972012918,0.0005382131324004305,0.002152852529601722,0.0,0.002691065662002153,0.0005382131324004305,0.001076426264800861,0.005920344456404736,0.002152852529601722,0.0032292787944025836,0.02045209903121636,0.002152852529601722,0.0005382131324004305,0.002152852529601722,0.002691065662002153,0.0032292787944025836,0.0016146393972012918,0.002691065662002153,0.0,0.005382131324004306,0.0005382131324004305,0.0,0.002691065662002153,0.006458557588805167,0.0016146393972012918,0.0005382131324004305,0.002691065662002153,0.0032292787944025836,0.0005382131324004305,0.0,0.0032292787944025836,0.0032292787944025836,0.0032292787944025836,0.0016146393972012918,0.0016146393972012918,0.002152852529601722,0.0005382131324004305,0.0005382131324004305,0.001076426264800861,0.0,0.0032292787944025836,0.002152852529601722,0.0005382131324004305,0.001076426264800861,0.007534983853606028,0.0032292787944025836,0.0005382131324004305,0.0,0.0016146393972012918,0.0016146393972012918,0.002152852529601722,0.001076426264800861,0.0005382131324004305,0.002152852529601722,0.001076426264800861,0.0,0.002152852529601722,0.0016146393972012918,0.0,0.0,0.001076426264800861,0.001076426264800861,0.0005382131324004305,0.001076426264800861,0.002691065662002153,0.001076426264800861,0.0,0.002152852529601722,0.004305705059203444,0.008611410118406888,0.002152852529601722,0.0,0.0,0.004305705059203444,0.001076426264800861,0.0,0.002152852529601722,0.001076426264800861,0.0016146393972012918,0.0016146393972012918,0.002152852529601722,0.002691065662002153,0.001076426264800861,0.0005382131324004305,0.002152852529601722,0.0032292787944025836,0.004305705059203444,0.0,0.0032292787944025836,0.001076426264800861
1808readyDisease9,0.0012461059190031153,0.0006230529595015577,0.004361370716510903,0.001869158878504673,0.001869158878504673,0.005607476635514018,0.0,0.001869158878504673,0.0012461059190031153,0.005607476635514018,0.003738317757009346,0.0,0.007476635514018692,0.0,0.004361370716510903,0.001869158878504673,0.0,0.0012461059190031153,0.0006230529595015577,0.0024922118380062306,0.0006230529595015577,0.0024922118380062306,0.0024922118380062306,0.0,0.004361370716510903,0.006230529595015576,0.0012461059190031153,0.003738317757009346,0.0024922118380062306,0.0,0.003115264797507788,0.003115264797507788,0.003115264797507788,0.0006230529595015577,0.0024922118380062306,0.0024922118380062306,0.001869158878504673,0.0006230529595015577,0.003738317757009346,0.0006230529595015577,0.0,0.0024922118380062306,0.004361370716510903,0.0012461059190031153,0.003115264797507788,0.0012461059190031153,0.0006230529595015577,0.0012461059190031153,0.0006230529595015577,0.001869158878504673,0.0012461059190031153,0.001869158878504673,0.006230529595015576,0.0006230529595015577,0.003115264797507788,0.0024922118380062306,0.0024922118380062306,0.0012461059190031153,0.001869158878504673,0.0012461059190031153,0.0012461059190031153,0.001869158878504673,0.004361370716510903,0.0024922118380062306,0.0,0.0012461059190031153,0.003738317757009346,0.0006230529595015577,0.001869158878504673,0.007476635514018692,0.0012461059190031153,0.003115264797507788,0.004984423676012461,0.0012461059190031153,0.0012461059190031153,0.0,0.003738317757009346,0.001869158878504673,0.004984423676012461,0.0006230529595015577,0.0006230529595015577,0.003738317757009346,0.0,0.0012461059190031153,0.003738317757009346,0.001869158878504673,0.005607476635514018,0.003115264797507788,0.003738317757009346,0.003115264797507788,0.0024922118380062306,0.0024922118380062306,0.0024922118380062306,0.0012461059190031153,0.0006230529595015577,0.0024922118380062306,0.0024922118380062306,0.0024922118380062306,0.0012461059190031153,0.005607476635514018,0.0012461059190031153,0.001869158878504673,0.0024922118380062306,0.001869158878504673,0.0,0.0024922118380062306,0.001869158878504673,0.0006230529595015577,0.0006230529595015577,0.0024922118380062306,0.0012461059190031153,0.001869158878504673,0.0012461059190031153,0.0024922118380062306,0.004361370716510903,0.0,0.004984423676012461,0.0012461059190031153,0.0012461059190031153,0.0006230529595015577,0.001869158878504673,0.0012461059190031153,0.004361370716510903,0.003115264797507788,0.003115264797507788,0.0006230529595015577,0.0006230529595015577,0.004984423676012461,0.003115264797507788,0.001869158878504673,0.0006230529595015577,0.003738317757009346,0.0,0.0024922118380062306,0.0006230529595015577,0.0006230529595015577,0.0012461059190031153,0.0012461059190031153,0.0006230529595015577,0.0012461059190031153,0.0,0.0012461059190031153,0.0006230529595015577,0.001869158878504673,0.003738317757009346,0.0,0.0,0.0,0.003115264797507788,0.003738317757009346,0.003115264797507788,0.0,0.0012461059190031153,0.0006230529595015577,0.0024922118380062306,0.003738317757009346,0.003115264797507788,0.0,0.0012461059190031153,0.001869158878504673,0.0,0.001869158878504673,0.003115264797507788,0.0006230529595015577,0.004361370716510903,0.0006230529595015577,0.0,0.0012461059190031153,0.0024922118380062306,0.001869158878504673,0.0006230529595015577,0.0,0.0,0.0024922118380062306,0.001869158878504673,0.0006230529595015577,0.0012461059190031153,0.0024922118380062306,0.0012461059190031153,0.0024922118380062306,0.0,0.001869158878504673,0.001869158878504673,0.001869158878504673,0.0024922118380062306,0.0024922118380062306,0.0012461059190031153,0.0024922118380062306,0.0012461059190031153,0.001869158878504673,0.003115264797507788,0.0012461059190031153,0.0006230529595015577,0.0,0.0012461059190031153,0.0012461059190031153,0.0006230529595015577,0.0012461059190031153,0.0006230529595015577,0.0006230529595015577,0.003115264797507788,0.003115264797507788,0.0,0.0,0.0012461059190031153,0.0006230529595015577,0.001869158878504673,0.0012461059190031153,0.0006230529595015577,0.0012461059190031153,0.001869158878504673,0.0006230529595015577,0.0012461059190031153,0.003115264797507788,0.003738317757009346,0.0012461059190031153,0.0006230529595015577,0.0012461059190031153,0.0006230529595015577,0.0024922118380062306,0.001869158878504673,0.0024922118380062306,0.0006230529595015577,0.0006230529595015577,0.0012461059190031153,0.0012461059190031153,0.0006230529595015577,0.003738317757009346,0.009968847352024923,0.0012461059190031153,0.0012461059190031153,0.003115264797507788,0.0012461059190031153,0.003738317757009346,0.009968847352024923,0.0006230529595015577,0.001869158878504673,0.0024922118380062306,0.009345794392523364,0.0012461059190031153,0.003115264797507788,0.003738317757009346,0.0012461059190031153,0.0,0.004361370716510903,0.0006230529595015577,0.0012461059190031153,0.0024922118380062306,0.003115264797507788,0.0,0.0024922118380062306,0.003115264797507788,0.0012461059190031153,0.0012461059190031153,0.007476635514018692,0.0024922118380062306,0.001869158878504673,0.0006230529595015577,0.0012461059190031153,0.003115264797507788,0.004361370716510903,0.001869158878504673,0.003738317757009346,0.0006230529595015577,0.001869158878504673,0.0006230529595015577,0.003115264797507788,0.006230529595015576,0.0012461059190031153,0.0012461059190031153,0.0006230529595015577,0.0,0.0024922118380062306,0.0012461059190031153,0.0012461059190031153,0.001869158878504673,0.003115264797507788,0.0024922118380062306,0.0012461059190031153,0.0,0.003738317757009346,0.001869158878504673,0.0006230529595015577,0.0,0.0024922118380062306,0.0012461059190031153,0.001869158878504673,0.0012461059190031153,0.003738317757009346,0.0,0.0012461059190031153,0.003738317757009346,0.001869158878504673,0.00809968847352025,0.004984423676012461,0.0006230529595015577,0.0,0.003738317757009346,0.0012461059190031153,0.0,0.001869158878504673,0.0012461059190031153,0.003738317757009346,0.0012461059190031153,0.0024922118380062306,0.003115264797507788,0.001869158878504673,0.001869158878504673,0.003115264797507788,0.0012461059190031153,0.0012461059190031153,0.0006230529595015577,0.001869158878504673,0.0006230529595015577,0.0006230529595015577,0.003115264797507788,0.003738317757009346,0.0006230529595015577,0.006853582554517134,0.001869158878504673,0.001869158878504673,0.0024922118380062306,0.0024922118380062306,0.0006230529595015577,0.001869158878504673,0.0,0.0006230529595015577,0.0,0.0,0.0006230529595015577,0.0006230529595015577,0.0024922118380062306,0.0012461059190031153,0.0,0.0006230529595015577,0.001869158878504673,0.0012461059190031153,0.0024922118380062306,0.0024922118380062306,0.001869158878504673,0.0,0.006853582554517134,0.003115264797507788,0.0024922118380062306,0.001869158878504673,0.0,0.0006230529595015577,0.0024922118380062306,0.003115264797507788,0.0012461059190031153,0.0024922118380062306,0.0,0.0006230529595015577,0.003738317757009346,0.005607476635514018,0.0024922118380062306,0.0,0.0024922118380062306,0.003115264797507788,0.0006230529595015577,0.0006230529595015577,0.0006230529595015577,0.0006230529595015577,0.001869158878504673,0.001869158878504673,0.001869158878504673,0.0006230529595015577,0.0012461059190031153,0.0006230529595015577,0.003115264797507788,0.0006230529595015577,0.0012461059190031153,0.0012461059190031153,0.003738317757009346,0.0,0.0006230529595015577,0.005607476635514018,0.0024922118380062306,0.0,0.001869158878504673,0.001869158878504673,0.0,0.0024922118380062306,0.0012461059190031153,0.0006230529595015577,0.0012461059190031153,0.003115264797507788,0.0,0.001869158878504673,0.003115264797507788,0.003738317757009346,0.0024922118380062306,0.004984423676012461,0.003115264797507788,0.004984423676012461,0.0024922118380062306,0.0006230529595015577,0.0006230529595015577,0.0006230529595015577,0.0012461059190031153,0.003115264797507788,0.0,0.001869158878504673,0.003738317757009346,0.0024922118380062306,0.0006230529595015577,0.004361370716510903,0.0,0.0024922118380062306,0.003115264797507788,0.001869158878504673,0.003115264797507788,0.006853582554517134,0.0006230529595015577,0.0006230529595015577,0.003115264797507788,0.0012461059190031153,0.0006230529595015577,0.004984423676012461,0.0006230529595015577,0.0012461059190031153,0.001869158878504673,0.001869158878504673,0.0012461059190031153,0.0006230529595015577,0.0,0.001869158878504673,0.001869158878504673,0.003738317757009346,0.0,0.0006230529595015577,0.0012461059190031153,0.004361370716510903,0.001869158878504673,0.0,0.0024922118380062306,0.0024922118380062306,0.0,0.003738317757009346,0.0012461059190031153,0.0012461059190031153,0.001869158878504673,0.0,0.0,0.003738317757009346,0.0024922118380062306,0.0024922118380062306,0.006230529595015576,0.001869158878504673,0.0006230529595015577,0.0012461059190031153,0.0006230529595015577,0.003115264797507788,0.001869158878504673,0.0006230529595015577,0.0012461059190031153,0.0006230529595015577,0.008722741433021807,0.004361370716510903,0.004984423676012461,0.0024922118380062306,0.0,0.0024922118380062306,0.004361370716510903,0.001869158878504673,0.0,0.004984423676012461,0.003738317757009346,0.0006230529595015577,0.0,0.003115264797507788,0.0006230529595015577,0.0012461059190031153,0.0024922118380062306,0.001869158878504673,0.001869158878504673,0.0012461059190031153,0.0006230529595015577,0.003738317757009346,0.001869158878504673,0.0024922118380062306,0.0012461059190031153,0.001869158878504673,0.0006230529595015577,0.0024922118380062306,0.0,0.0012461059190031153,0.0006230529595015577,0.0012461059190031153,0.001869158878504673,0.001869158878504673,0.0006230529595015577,0.0006230529595015577,0.0,0.001869158878504673,0.0024922118380062306,0.0006230529595015577,0.0006230529595015577,0.003115264797507788,0.0024922118380062306,0.0,0.001869158878504673,0.0012461059190031153,0.001869158878504673,0.004361370716510903,0.0024922118380062306,0.0006230529595015577,0.0,0.0012461059190031153,0.004361370716510903,0.0,0.0006230529595015577
1804lateDisease9,0.0005138746145940391,0.0041109969167523125,0.0025693730729701952,0.0046248715313463515,0.001541623843782117,0.0,0.001541623843782117,0.0005138746145940391,0.0010277492291880781,0.0,0.001541623843782117,0.0010277492291880781,0.0046248715313463515,0.0025693730729701952,0.005652620760534429,0.001541623843782117,0.0020554984583761563,0.0025693730729701952,0.0020554984583761563,0.0010277492291880781,0.0005138746145940391,0.001541623843782117,0.0025693730729701952,0.0020554984583761563,0.0005138746145940391,0.0,0.0010277492291880781,0.0010277492291880781,0.0010277492291880781,0.0005138746145940391,0.0,0.003083247687564234,0.0046248715313463515,0.0035971223021582736,0.003083247687564234,0.0020554984583761563,0.0010277492291880781,0.0020554984583761563,0.001541623843782117,0.0020554984583761563,0.0005138746145940391,0.0005138746145940391,0.0,0.0010277492291880781,0.001541623843782117,0.0035971223021582736,0.0,0.0005138746145940391,0.0046248715313463515,0.006166495375128468,0.0025693730729701952,0.001541623843782117,0.0,0.0020554984583761563,0.0005138746145940391,0.0010277492291880781,0.0020554984583761563,0.0010277492291880781,0.0020554984583761563,0.0010277492291880781,0.0020554984583761563,0.0020554984583761563,0.0046248715313463515,0.0010277492291880781,0.0025693730729701952,0.0005138746145940391,0.0010277492291880781,0.0010277492291880781,0.0005138746145940391,0.0,0.001541623843782117,0.0,0.005652620760534429,0.0,0.001541623843782117,0.0005138746145940391,0.003083247687564234,0.0005138746145940391,0.0005138746145940391,0.0010277492291880781,0.001541623843782117,0.0025693730729701952,0.0010277492291880781,0.001541623843782117,0.0010277492291880781,0.0025693730729701952,0.0005138746145940391,0.0051387461459403904,0.0035971223021582736,0.001541623843782117,0.003083247687564234,0.0041109969167523125,0.0005138746145940391,0.0025693730729701952,0.001541623843782117,0.0005138746145940391,0.0,0.0020554984583761563,0.0,0.0020554984583761563,0.0010277492291880781,0.0,0.001541623843782117,0.007708119218910586,0.0,0.0005138746145940391,0.0020554984583761563,0.0010277492291880781,0.0020554984583761563,0.001541623843782117,0.0,0.0025693730729701952,0.0041109969167523125,0.0035971223021582736,0.001541623843782117,0.0025693730729701952,0.0,0.0035971223021582736,0.0,0.003083247687564234,0.0020554984583761563,0.0010277492291880781,0.0,0.0025693730729701952,0.003083247687564234,0.0,0.0020554984583761563,0.0020554984583761563,0.0020554984583761563,0.0035971223021582736,0.0010277492291880781,0.0,0.001541623843782117,0.0046248715313463515,0.0005138746145940391,0.0020554984583761563,0.0041109969167523125,0.0046248715313463515,0.0010277492291880781,0.003083247687564234,0.0005138746145940391,0.0020554984583761563,0.003083247687564234,0.001541623843782117,0.0005138746145940391,0.0010277492291880781,0.001541623843782117,0.0035971223021582736,0.001541623843782117,0.0020554984583761563,0.0025693730729701952,0.0051387461459403904,0.0041109969167523125,0.003083247687564234,0.0010277492291880781,0.0035971223021582736,0.001541623843782117,0.0005138746145940391,0.0010277492291880781,0.0,0.001541623843782117,0.0025693730729701952,0.0,0.0025693730729701952,0.0010277492291880781,0.0010277492291880781,0.001541623843782117,0.0020554984583761563,0.003083247687564234,0.0046248715313463515,0.001541623843782117,0.001541623843782117,0.0035971223021582736,0.001541623843782117,0.0010277492291880781,0.0010277492291880781,0.0025693730729701952,0.0020554984583761563,0.0041109969167523125,0.0010277492291880781,0.0010277492291880781,0.0025693730729701952,0.0005138746145940391,0.0025693730729701952,0.0051387461459403904,0.0035971223021582736,0.0,0.0020554984583761563,0.001541623843782117,0.0041109969167523125,0.006680369989722507,0.0010277492291880781,0.0,0.0041109969167523125,0.0010277492291880781,0.0025693730729701952,0.0020554984583761563,0.0,0.0025693730729701952,0.001541623843782117,0.0005138746145940391,0.0005138746145940391,0.0005138746145940391,0.0035971223021582736,0.0020554984583761563,0.001541623843782117,0.0035971223021582736,0.0010277492291880781,0.0005138746145940391,0.0010277492291880781,0.0041109969167523125,0.0010277492291880781,0.001541623843782117,0.0025693730729701952,0.0020554984583761563,0.0020554984583761563,0.0010277492291880781,0.0,0.001541623843782117,0.0035971223021582736,0.001541623843782117,0.003083247687564234,0.0020554984583761563,0.0041109969167523125,0.0025693730729701952,0.001541623843782117,0.003083247687564234,0.0020554984583761563,0.0005138746145940391,0.001541623843782117,0.0005138746145940391,0.0051387461459403904,0.0041109969167523125,0.0035971223021582736,0.0005138746145940391,0.0010277492291880781,0.0005138746145940391,0.0005138746145940391,0.0,0.001541623843782117,0.0,0.0010277492291880781,0.0005138746145940391,0.0020554984583761563,0.0005138746145940391,0.0020554984583761563,0.0025693730729701952,0.001541623843782117,0.0020554984583761563,0.0,0.0025693730729701952,0.0041109969167523125,0.0010277492291880781,0.001541623843782117,0.0035971223021582736,0.0041109969167523125,0.0010277492291880781,0.0005138746145940391,0.0005138746145940391,0.0025693730729701952,0.0025693730729701952,0.0041109969167523125,0.0,0.0010277492291880781,0.0025693730729701952,0.0,0.0020554984583761563,0.0005138746145940391,0.0025693730729701952,0.001541623843782117,0.0035971223021582736,0.0020554984583761563,0.0020554984583761563,0.0005138746145940391,0.005652620760534429,0.0041109969167523125,0.0005138746145940391,0.001541623843782117,0.0020554984583761563,0.001541623843782117,0.0041109969167523125,0.005652620760534429,0.0020554984583761563,0.001541623843782117,0.0020554984583761563,0.0035971223021582736,0.001541623843782117,0.003083247687564234,0.0041109969167523125,0.001541623843782117,0.0020554984583761563,0.0041109969167523125,0.0025693730729701952,0.0,0.001541623843782117,0.0010277492291880781,0.001541623843782117,0.0025693730729701952,0.003083247687564234,0.001541623843782117,0.001541623843782117,0.0046248715313463515,0.001541623843782117,0.0035971223021582736,0.001541623843782117,0.001541623843782117,0.0005138746145940391,0.001541623843782117,0.003083247687564234,0.0010277492291880781,0.0010277492291880781,0.0010277492291880781,0.0025693730729701952,0.0005138746145940391,0.001541623843782117,0.0010277492291880781,0.003083247687564234,0.0010277492291880781,0.0005138746145940391,0.0020554984583761563,0.0005138746145940391,0.003083247687564234,0.0020554984583761563,0.0051387461459403904,0.0020554984583761563,0.0005138746145940391,0.001541623843782117,0.001541623843782117,0.0010277492291880781,0.0020554984583761563,0.0010277492291880781,0.0025693730729701952,0.0010277492291880781,0.0051387461459403904,0.0010277492291880781,0.0020554984583761563,0.0025693730729701952,0.0,0.0025693730729701952,0.0046248715313463515,0.0010277492291880781,0.0010277492291880781,0.0010277492291880781,0.0005138746145940391,0.0010277492291880781,0.001541623843782117,0.0010277492291880781,0.0005138746145940391,0.0025693730729701952,0.0025693730729701952,0.0025693730729701952,0.0005138746145940391,0.0010277492291880781,0.0,0.0025693730729701952,0.001541623843782117,0.0010277492291880781,0.0020554984583761563,0.0005138746145940391,0.0010277492291880781,0.0025693730729701952,0.0010277492291880781,0.0041109969167523125,0.003083247687564234,0.0010277492291880781,0.0020554984583761563,0.001541623843782117,0.0041109969167523125,0.001541623843782117,0.0020554984583761563,0.003083247687564234,0.0005138746145940391,0.0005138746145940391,0.0046248715313463515,0.0020554984583761563,0.001541623843782117,0.0035971223021582736,0.0020554984583761563,0.0010277492291880781,0.003083247687564234,0.0020554984583761563,0.0020554984583761563,0.0025693730729701952,0.0046248715313463515,0.0,0.003083247687564234,0.0025693730729701952,0.001541623843782117,0.001541623843782117,0.005652620760534429,0.0035971223021582736,0.0020554984583761563,0.0005138746145940391,0.0041109969167523125,0.0,0.003083247687564234,0.0020554984583761563,0.0025693730729701952,0.0020554984583761563,0.0005138746145940391,0.007708119218910586,0.0020554984583761563,0.0041109969167523125,0.006680369989722507,0.0,0.0020554984583761563,0.0,0.0,0.0025693730729701952,0.003083247687564234,0.003083247687564234,0.0020554984583761563,0.0010277492291880781,0.0046248715313463515,0.0010277492291880781,0.0010277492291880781,0.0041109969167523125,0.0020554984583761563,0.0005138746145940391,0.0020554984583761563,0.005652620760534429,0.0005138746145940391,0.001541623843782117,0.001541623843782117,0.0010277492291880781,0.0,0.0010277492291880781,0.0035971223021582736,0.0020554984583761563,0.001541623843782117,0.001541623843782117,0.0020554984583761563,0.0,0.0020554984583761563,0.001541623843782117,0.0020554984583761563,0.0025693730729701952,0.0,0.0020554984583761563,0.0020554984583761563,0.0035971223021582736,0.0,0.0,0.001541623843782117,0.006166495375128468,0.0005138746145940391,0.001541623843782117,0.001541623843782117,0.0010277492291880781,0.003083247687564234,0.0020554984583761563,0.0005138746145940391,0.003083247687564234,0.0041109969167523125,0.0020554984583761563,0.001541623843782117,0.0,0.001541623843782117,0.0005138746145940391,0.0010277492291880781,0.0005138746145940391,0.001541623843782117,0.003083247687564234,0.006166495375128468,0.0010277492291880781,0.0010277492291880781,0.0046248715313463515,0.0020554984583761563,0.0020554984583761563,0.0,0.003083247687564234,0.003083247687564234,0.0010277492291880781,0.006680369989722507,0.0035971223021582736,0.001541623843782117,0.001541623843782117,0.0041109969167523125,0.001541623843782117,0.0041109969167523125,0.0025693730729701952,0.0020554984583761563,0.0041109969167523125,0.0005138746145940391,0.0051387461459403904,0.003083247687564234,0.0020554984583761563,0.0,0.001541623843782117,0.0025693730729701952,0.0005138746145940391,0.0010277492291880781,0.0010277492291880781,0.0041109969167523125,0.0020554984583761563,0.0010277492291880781,0.0010277492291880781,0.0020554984583761563,0.0020554984583761563,0.0046248715313463515,0.0020554984583761563,0.0,0.0005138746145940391,0.0,0.0010277492291880781,0.0035971223021582736,0.001541623843782117,0.001541623843782117,0.0010277492291880781,0.0,0.001541623843782117,0.0005138746145940391
1793ready73,0.00463768115942029,0.0005797101449275362,0.002898550724637681,0.00463768115942029,0.0034782608695652175,0.002318840579710145,0.0005797101449275362,0.0011594202898550724,0.0017391304347826088,0.010434782608695653,0.0005797101449275362,0.0017391304347826088,0.0011594202898550724,0.0017391304347826088,0.0017391304347826088,0.002898550724637681,0.0,0.0011594202898550724,0.0017391304347826088,0.0011594202898550724,0.004057971014492754,0.004057971014492754,0.0,0.0017391304347826088,0.0005797101449275362,0.0034782608695652175,0.0034782608695652175,0.002898550724637681,0.0,0.002898550724637681,0.0034782608695652175,0.002318840579710145,0.0017391304347826088,0.0005797101449275362,0.0034782608695652175,0.0,0.004057971014492754,0.002318840579710145,0.004057971014492754,0.0011594202898550724,0.0,0.002898550724637681,0.004057971014492754,0.0011594202898550724,0.0005797101449275362,0.0011594202898550724,0.0017391304347826088,0.0034782608695652175,0.0011594202898550724,0.0034782608695652175,0.0017391304347826088,0.0034782608695652175,0.0011594202898550724,0.002318840579710145,0.0034782608695652175,0.0017391304347826088,0.0017391304347826088,0.0017391304347826088,0.002318840579710145,0.002318840579710145,0.002898550724637681,0.0017391304347826088,0.002898550724637681,0.0034782608695652175,0.0,0.0,0.0011594202898550724,0.0017391304347826088,0.002318840579710145,0.0005797101449275362,0.002318840579710145,0.00463768115942029,0.0,0.004057971014492754,0.0,0.0005797101449275362,0.0034782608695652175,0.005797101449275362,0.0005797101449275362,0.002318840579710145,0.0011594202898550724,0.0017391304347826088,0.0052173913043478265,0.002318840579710145,0.0005797101449275362,0.002318840579710145,0.006376811594202898,0.0034782608695652175,0.0011594202898550724,0.0017391304347826088,0.002898550724637681,0.0011594202898550724,0.0017391304347826088,0.0011594202898550724,0.002318840579710145,0.011014492753623189,0.0011594202898550724,0.002898550724637681,0.0,0.004057971014492754,0.0011594202898550724,0.0011594202898550724,0.002318840579710145,0.0034782608695652175,0.0011594202898550724,0.002898550724637681,0.0011594202898550724,0.0034782608695652175,0.0,0.0034782608695652175,0.0011594202898550724,0.00463768115942029,0.0005797101449275362,0.0,0.0,0.002318840579710145,0.0017391304347826088,0.002318840579710145,0.002318840579710145,0.002318840579710145,0.0,0.002318840579710145,0.0,0.0017391304347826088,0.0005797101449275362,0.0005797101449275362,0.0005797101449275362,0.0011594202898550724,0.0017391304347826088,0.0,0.0,0.0017391304347826088,0.0005797101449275362,0.002318840579710145,0.002318840579710145,0.0005797101449275362,0.0034782608695652175,0.0011594202898550724,0.0011594202898550724,0.0017391304347826088,0.0005797101449275362,0.0011594202898550724,0.0011594202898550724,0.0017391304347826088,0.00463768115942029,0.0034782608695652175,0.002318840579710145,0.002318840579710145,0.0,0.0011594202898550724,0.0017391304347826088,0.0011594202898550724,0.0,0.002898550724637681,0.002318840579710145,0.0,0.0034782608695652175,0.0017391304347826088,0.0034782608695652175,0.002898550724637681,0.002318840579710145,0.0,0.005797101449275362,0.0,0.0017391304347826088,0.0005797101449275362,0.0,0.0017391304347826088,0.004057971014492754,0.0,0.0,0.0011594202898550724,0.0005797101449275362,0.0017391304347826088,0.002898550724637681,0.0011594202898550724,0.002318840579710145,0.0034782608695652175,0.0005797101449275362,0.0005797101449275362,0.0,0.002318840579710145,0.002318840579710145,0.0034782608695652175,0.0,0.0011594202898550724,0.002318840579710145,0.002898550724637681,0.002318840579710145,0.0005797101449275362,0.008115942028985508,0.0017391304347826088,0.002318840579710145,0.0,0.002898550724637681,0.0,0.0034782608695652175,0.00463768115942029,0.0,0.0011594202898550724,0.004057971014492754,0.0017391304347826088,0.0017391304347826088,0.0005797101449275362,0.0011594202898550724,0.0011594202898550724,0.0011594202898550724,0.0005797101449275362,0.004057971014492754,0.0,0.004057971014492754,0.002898550724637681,0.0034782608695652175,0.0011594202898550724,0.0034782608695652175,0.0034782608695652175,0.004057971014492754,0.0005797101449275362,0.0034782608695652175,0.002898550724637681,0.0011594202898550724,0.0,0.004057971014492754,0.0,0.0005797101449275362,0.002318840579710145,0.0011594202898550724,0.0005797101449275362,0.002898550724637681,0.0017391304347826088,0.0052173913043478265,0.002318840579710145,0.0005797101449275362,0.002318840579710145,0.002318840579710145,0.004057971014492754,0.002318840579710145,0.004057971014492754,0.002318840579710145,0.0011594202898550724,0.005797101449275362,0.002318840579710145,0.002318840579710145,0.0005797101449275362,0.0011594202898550724,0.002318840579710145,0.0011594202898550724,0.0034782608695652175,0.0,0.00463768115942029,0.0011594202898550724,0.0017391304347826088,0.0011594202898550724,0.0011594202898550724,0.0017391304347826088,0.0011594202898550724,0.0017391304347826088,0.0017391304347826088,0.0011594202898550724,0.002318840579710145,0.002898550724637681,0.0011594202898550724,0.014492753623188406,0.0011594202898550724,0.002318840579710145,0.0005797101449275362,0.004057971014492754,0.0005797101449275362,0.0,0.0011594202898550724,0.0005797101449275362,0.0005797101449275362,0.0052173913043478265,0.0011594202898550724,0.002318840579710145,0.002318840579710145,0.0011594202898550724,0.004057971014492754,0.002318840579710145,0.0,0.002898550724637681,0.008115942028985508,0.002318840579710145,0.0005797101449275362,0.0011594202898550724,0.002318840579710145,0.0011594202898550724,0.0,0.002898550724637681,0.0017391304347826088,0.0011594202898550724,0.0017391304347826088,0.0005797101449275362,0.0005797101449275362,0.002898550724637681,0.002898550724637681,0.0017391304347826088,0.0,0.0005797101449275362,0.0,0.0005797101449275362,0.0011594202898550724,0.002898550724637681,0.002898550724637681,0.0017391304347826088,0.002898550724637681,0.0,0.002898550724637681,0.0011594202898550724,0.002318840579710145,0.002318840579710145,0.00463768115942029,0.0011594202898550724,0.002318840579710145,0.0011594202898550724,0.005797101449275362,0.0,0.0034782608695652175,0.0,0.0017391304347826088,0.004057971014492754,0.002318840579710145,0.0005797101449275362,0.0005797101449275362,0.0017391304347826088,0.0005797101449275362,0.002318840579710145,0.0011594202898550724,0.0005797101449275362,0.0005797101449275362,0.002898550724637681,0.0005797101449275362,0.0005797101449275362,0.0,0.0017391304347826088,0.0011594202898550724,0.0005797101449275362,0.0,0.0005797101449275362,0.0,0.0011594202898550724,0.004057971014492754,0.0011594202898550724,0.004057971014492754,0.0011594202898550724,0.0005797101449275362,0.002898550724637681,0.0,0.004057971014492754,0.0005797101449275362,0.002898550724637681,0.0005797101449275362,0.0017391304347826088,0.009855072463768115,0.002898550724637681,0.0017391304347826088,0.0005797101449275362,0.0011594202898550724,0.0017391304347826088,0.002318840579710145,0.00463768115942029,0.0,0.0,0.0005797101449275362,0.0017391304347826088,0.0,0.002898550724637681,0.0005797101449275362,0.002898550724637681,0.0,0.0011594202898550724,0.0005797101449275362,0.0005797101449275362,0.002898550724637681,0.0,0.0017391304347826088,0.0005797101449275362,0.0,0.0,0.0017391304347826088,0.0005797101449275362,0.0017391304347826088,0.002318840579710145,0.0005797101449275362,0.0017391304347826088,0.002318840579710145,0.0005797101449275362,0.0,0.00463768115942029,0.0034782608695652175,0.002318840579710145,0.0017391304347826088,0.002318840579710145,0.0,0.0017391304347826088,0.0,0.0,0.0017391304347826088,0.002898550724637681,0.0034782608695652175,0.0017391304347826088,0.0,0.0005797101449275362,0.0017391304347826088,0.0017391304347826088,0.0011594202898550724,0.0005797101449275362,0.0011594202898550724,0.0005797101449275362,0.0034782608695652175,0.0034782608695652175,0.0034782608695652175,0.0011594202898550724,0.002898550724637681,0.0,0.0017391304347826088,0.002318840579710145,0.0011594202898550724,0.0017391304347826088,0.0005797101449275362,0.0005797101449275362,0.0,0.0034782608695652175,0.0011594202898550724,0.002318840579710145,0.0,0.0011594202898550724,0.0034782608695652175,0.0017391304347826088,0.0052173913043478265,0.0005797101449275362,0.005797101449275362,0.015072463768115942,0.00463768115942029,0.0005797101449275362,0.002318840579710145,0.0005797101449275362,0.004057971014492754,0.00463768115942029,0.0011594202898550724,0.0,0.00463768115942029,0.0011594202898550724,0.0011594202898550724,0.0034782608695652175,0.002318840579710145,0.002318840579710145,0.0,0.0017391304347826088,0.002898550724637681,0.0034782608695652175,0.0,0.0011594202898550724,0.0017391304347826088,0.0011594202898550724,0.006376811594202898,0.0017391304347826088,0.0017391304347826088,0.0005797101449275362,0.0005797101449275362,0.0,0.0005797101449275362,0.006376811594202898,0.0011594202898550724,0.004057971014492754,0.0011594202898550724,0.00463768115942029,0.0017391304347826088,0.0011594202898550724,0.008695652173913044,0.006956521739130435,0.0011594202898550724,0.0005797101449275362,0.0005797101449275362,0.0005797101449275362,0.0017391304347826088,0.002898550724637681,0.0011594202898550724,0.0,0.0,0.0,0.0,0.0011594202898550724,0.0005797101449275362,0.0,0.0,0.0017391304347826088,0.0017391304347826088,0.0005797101449275362,0.0,0.0017391304347826088,0.002898550724637681,0.0017391304347826088,0.0005797101449275362,0.0017391304347826088,0.0017391304347826088,0.00463768115942029,0.002318840579710145,0.0011594202898550724,0.002318840579710145,0.0,0.0017391304347826088,0.002898550724637681,0.002898550724637681,0.002318840579710145,0.002318840579710145,0.0017391304347826088,0.002898550724637681,0.002898550724637681,0.0,0.002898550724637681,0.0005797101449275362
1804lateDisease8,0.003854389721627409,0.0021413276231263384,0.00042826552462526765,0.001284796573875803,0.00042826552462526765,0.0,0.004282655246252677,0.0008565310492505353,0.0008565310492505353,0.0,0.0021413276231263384,0.0017130620985010706,0.00042826552462526765,0.0029978586723768737,0.0029978586723768737,0.00042826552462526765,0.0021413276231263384,0.00042826552462526765,0.0021413276231263384,0.0029978586723768737,0.0029978586723768737,0.0017130620985010706,0.001284796573875803,0.001284796573875803,0.0008565310492505353,0.001284796573875803,0.0008565310492505353,0.0029978586723768737,0.003854389721627409,0.0,0.0,0.002569593147751606,0.005139186295503212,0.002569593147751606,0.0008565310492505353,0.002569593147751606,0.0017130620985010706,0.0008565310492505353,0.001284796573875803,0.0008565310492505353,0.0017130620985010706,0.0017130620985010706,0.0,0.001284796573875803,0.0017130620985010706,0.001284796573875803,0.0,0.0008565310492505353,0.0008565310492505353,0.003854389721627409,0.0029978586723768737,0.003426124197002141,0.0,0.00042826552462526765,0.0029978586723768737,0.0017130620985010706,0.0021413276231263384,0.0021413276231263384,0.004710920770877944,0.001284796573875803,0.0008565310492505353,0.002569593147751606,0.004710920770877944,0.003854389721627409,0.0021413276231263384,0.004282655246252677,0.0021413276231263384,0.002569593147751606,0.00042826552462526765,0.00042826552462526765,0.0,0.00042826552462526765,0.003426124197002141,0.0029978586723768737,0.0029978586723768737,0.0008565310492505353,0.0021413276231263384,0.00042826552462526765,0.0021413276231263384,0.00042826552462526765,0.0,0.00042826552462526765,0.0017130620985010706,0.0029978586723768737,0.001284796573875803,0.00042826552462526765,0.0,0.0008565310492505353,0.004282655246252677,0.0029978586723768737,0.0059957173447537475,0.004282655246252677,0.0,0.0017130620985010706,0.0021413276231263384,0.00042826552462526765,0.002569593147751606,0.0008565310492505353,0.001284796573875803,0.0,0.001284796573875803,0.0008565310492505353,0.0017130620985010706,0.0021413276231263384,0.0,0.0017130620985010706,0.003854389721627409,0.0008565310492505353,0.001284796573875803,0.0021413276231263384,0.0029978586723768737,0.004282655246252677,0.0021413276231263384,0.0021413276231263384,0.0008565310492505353,0.0021413276231263384,0.0,0.003426124197002141,0.0017130620985010706,0.0008565310492505353,0.004282655246252677,0.0021413276231263384,0.0,0.003426124197002141,0.002569593147751606,0.001284796573875803,0.001284796573875803,0.0021413276231263384,0.00042826552462526765,0.002569593147751606,0.0021413276231263384,0.0,0.004710920770877944,0.004282655246252677,0.0021413276231263384,0.0008565310492505353,0.00042826552462526765,0.003426124197002141,0.0017130620985010706,0.002569593147751606,0.00042826552462526765,0.003426124197002141,0.00042826552462526765,0.003426124197002141,0.00042826552462526765,0.00042826552462526765,0.0,0.0021413276231263384,0.002569593147751606,0.001284796573875803,0.003426124197002141,0.0017130620985010706,0.003426124197002141,0.001284796573875803,0.002569593147751606,0.003854389721627409,0.001284796573875803,0.0029978586723768737,0.001284796573875803,0.00042826552462526765,0.0017130620985010706,0.00556745182012848,0.0,0.003426124197002141,0.0029978586723768737,0.002569593147751606,0.001284796573875803,0.00042826552462526765,0.00042826552462526765,0.004282655246252677,0.0021413276231263384,0.0021413276231263384,0.004282655246252677,0.001284796573875803,0.0008565310492505353,0.0029978586723768737,0.00042826552462526765,0.0008565310492505353,0.003854389721627409,0.0017130620985010706,0.012419700214132762,0.00042826552462526765,0.0008565310492505353,0.0008565310492505353,0.004282655246252677,0.0017130620985010706,0.004710920770877944,0.002569593147751606,0.0008565310492505353,0.0017130620985010706,0.00556745182012848,0.0021413276231263384,0.00042826552462526765,0.003854389721627409,0.0008565310492505353,0.004282655246252677,0.0021413276231263384,0.0017130620985010706,0.00042826552462526765,0.0008565310492505353,0.0008565310492505353,0.001284796573875803,0.00042826552462526765,0.0008565310492505353,0.0021413276231263384,0.0008565310492505353,0.001284796573875803,0.0017130620985010706,0.0017130620985010706,0.003854389721627409,0.0029978586723768737,0.0017130620985010706,0.0,0.0021413276231263384,0.0021413276231263384,0.00042826552462526765,0.0008565310492505353,0.0017130620985010706,0.0008565310492505353,0.0017130620985010706,0.0017130620985010706,0.00042826552462526765,0.0008565310492505353,0.004282655246252677,0.001284796573875803,0.00042826552462526765,0.003426124197002141,0.0017130620985010706,0.0,0.0017130620985010706,0.00042826552462526765,0.0029978586723768737,0.005139186295503212,0.0008565310492505353,0.0,0.00042826552462526765,0.001284796573875803,0.0017130620985010706,0.0008565310492505353,0.0021413276231263384,0.0,0.0008565310492505353,0.002569593147751606,0.0008565310492505353,0.0008565310492505353,0.001284796573875803,0.0021413276231263384,0.0008565310492505353,0.001284796573875803,0.0008565310492505353,0.0017130620985010706,0.001284796573875803,0.0008565310492505353,0.00042826552462526765,0.0008565310492505353,0.003854389721627409,0.0029978586723768737,0.0017130620985010706,0.0029978586723768737,0.002569593147751606,0.003854389721627409,0.0021413276231263384,0.0,0.0021413276231263384,0.0017130620985010706,0.001284796573875803,0.0008565310492505353,0.0017130620985010706,0.0021413276231263384,0.001284796573875803,0.001284796573875803,0.0017130620985010706,0.0017130620985010706,0.001284796573875803,0.002569593147751606,0.0017130620985010706,0.003426124197002141,0.0008565310492505353,0.0017130620985010706,0.003426124197002141,0.003426124197002141,0.0021413276231263384,0.001284796573875803,0.001284796573875803,0.002569593147751606,0.0017130620985010706,0.002569593147751606,0.002569593147751606,0.00556745182012848,0.0017130620985010706,0.001284796573875803,0.0017130620985010706,0.0029978586723768737,0.0,0.0008565310492505353,0.001284796573875803,0.004710920770877944,0.0017130620985010706,0.0021413276231263384,0.004710920770877944,0.004710920770877944,0.001284796573875803,0.0021413276231263384,0.003426124197002141,0.0021413276231263384,0.0021413276231263384,0.0008565310492505353,0.0017130620985010706,0.0021413276231263384,0.00042826552462526765,0.001284796573875803,0.002569593147751606,0.002569593147751606,0.0017130620985010706,0.0008565310492505353,0.00042826552462526765,0.0029978586723768737,0.00042826552462526765,0.00042826552462526765,0.001284796573875803,0.001284796573875803,0.003854389721627409,0.00556745182012848,0.0029978586723768737,0.006852248394004282,0.003426124197002141,0.0029978586723768737,0.0,0.001284796573875803,0.004282655246252677,0.0008565310492505353,0.003426124197002141,0.0008565310492505353,0.003854389721627409,0.0008565310492505353,0.003854389721627409,0.0017130620985010706,0.002569593147751606,0.00556745182012848,0.0021413276231263384,0.002569593147751606,0.00042826552462526765,0.0008565310492505353,0.001284796573875803,0.0017130620985010706,0.001284796573875803,0.001284796573875803,0.00042826552462526765,0.0017130620985010706,0.003854389721627409,0.0021413276231263384,0.002569593147751606,0.0,0.0,0.0017130620985010706,0.0021413276231263384,0.002569593147751606,0.0021413276231263384,0.0008565310492505353,0.003854389721627409,0.0017130620985010706,0.005139186295503212,0.003854389721627409,0.0021413276231263384,0.0021413276231263384,0.003426124197002141,0.00042826552462526765,0.0029978586723768737,0.004710920770877944,0.0017130620985010706,0.003426124197002141,0.001284796573875803,0.00042826552462526765,0.004282655246252677,0.003426124197002141,0.0008565310492505353,0.001284796573875803,0.00042826552462526765,0.0029978586723768737,0.0017130620985010706,0.0008565310492505353,0.001284796573875803,0.004282655246252677,0.004710920770877944,0.001284796573875803,0.0008565310492505353,0.001284796573875803,0.001284796573875803,0.003854389721627409,0.004710920770877944,0.003854389721627409,0.0029978586723768737,0.0,0.003426124197002141,0.0,0.0017130620985010706,0.004710920770877944,0.003854389721627409,0.002569593147751606,0.0017130620985010706,0.003426124197002141,0.003426124197002141,0.002569593147751606,0.0021413276231263384,0.00042826552462526765,0.0008565310492505353,0.0,0.00042826552462526765,0.005139186295503212,0.0029978586723768737,0.0008565310492505353,0.0021413276231263384,0.0,0.002569593147751606,0.002569593147751606,0.0017130620985010706,0.0008565310492505353,0.002569593147751606,0.0,0.0021413276231263384,0.0017130620985010706,0.001284796573875803,0.0017130620985010706,0.0008565310492505353,0.001284796573875803,0.0059957173447537475,0.001284796573875803,0.0008565310492505353,0.0017130620985010706,0.00042826552462526765,0.00042826552462526765,0.0008565310492505353,0.0,0.0021413276231263384,0.002569593147751606,0.0021413276231263384,0.0008565310492505353,0.003426124197002141,0.0029978586723768737,0.002569593147751606,0.0017130620985010706,0.0008565310492505353,0.0,0.0029978586723768737,0.002569593147751606,0.001284796573875803,0.0029978586723768737,0.0,0.003426124197002141,0.0008565310492505353,0.00042826552462526765,0.0017130620985010706,0.003426124197002141,0.0021413276231263384,0.001284796573875803,0.0021413276231263384,0.0017130620985010706,0.00042826552462526765,0.0008565310492505353,0.0008565310492505353,0.001284796573875803,0.008565310492505354,0.0029978586723768737,0.002569593147751606,0.002569593147751606,0.002569593147751606,0.001284796573875803,0.00042826552462526765,0.003854389721627409,0.00042826552462526765,0.0021413276231263384,0.001284796573875803,0.001284796573875803,0.0059957173447537475,0.0008565310492505353,0.0029978586723768737,0.002569593147751606,0.0008565310492505353,0.004710920770877944,0.0029978586723768737,0.0029978586723768737,0.0008565310492505353,0.0021413276231263384,0.0,0.0017130620985010706,0.00556745182012848,0.0017130620985010706,0.0008565310492505353,0.002569593147751606,0.004282655246252677,0.0,0.0,0.003854389721627409,0.002569593147751606,0.0008565310492505353,0.0008565310492505353,0.00042826552462526765,0.00042826552462526765,0.0029978586723768737,0.0029978586723768737,0.003426124197002141,0.001284796573875803,0.0021413276231263384,0.0017130620985010706,0.0017130620985010706,0.0021413276231263384,0.001284796573875803,0.0008565310492505353,0.0,0.0008565310492505353,0.001284796573875803,0.0008565310492505353
1808readyDisease2,0.0012690355329949238,0.0012690355329949238,0.0019035532994923859,0.0031725888324873096,0.0019035532994923859,0.010786802030456852,0.0,0.0012690355329949238,0.0038071065989847717,0.0019035532994923859,0.0025380710659898475,0.0019035532994923859,0.0031725888324873096,0.0025380710659898475,0.0025380710659898475,0.0025380710659898475,0.0006345177664974619,0.0006345177664974619,0.0031725888324873096,0.0031725888324873096,0.0006345177664974619,0.0012690355329949238,0.0006345177664974619,0.0,0.0019035532994923859,0.0038071065989847717,0.0012690355329949238,0.0019035532994923859,0.0019035532994923859,0.0006345177664974619,0.0031725888324873096,0.0006345177664974619,0.0,0.0012690355329949238,0.0006345177664974619,0.0006345177664974619,0.0019035532994923859,0.006979695431472081,0.0012690355329949238,0.0012690355329949238,0.0006345177664974619,0.0019035532994923859,0.0031725888324873096,0.0012690355329949238,0.0019035532994923859,0.0019035532994923859,0.0,0.0006345177664974619,0.0006345177664974619,0.0025380710659898475,0.0,0.0025380710659898475,0.0025380710659898475,0.0019035532994923859,0.0019035532994923859,0.006345177664974619,0.0031725888324873096,0.0012690355329949238,0.0031725888324873096,0.0019035532994923859,0.004441624365482234,0.0019035532994923859,0.0031725888324873096,0.0012690355329949238,0.0,0.0025380710659898475,0.005076142131979695,0.0019035532994923859,0.0019035532994923859,0.005076142131979695,0.0006345177664974619,0.006979695431472081,0.0012690355329949238,0.004441624365482234,0.0012690355329949238,0.0025380710659898475,0.0025380710659898475,0.0025380710659898475,0.0019035532994923859,0.0025380710659898475,0.0025380710659898475,0.0006345177664974619,0.0019035532994923859,0.0019035532994923859,0.0012690355329949238,0.0025380710659898475,0.008248730964467006,0.006345177664974619,0.0019035532994923859,0.0006345177664974619,0.0038071065989847717,0.0006345177664974619,0.0012690355329949238,0.0006345177664974619,0.0025380710659898475,0.010786802030456852,0.0012690355329949238,0.0038071065989847717,0.0006345177664974619,0.0038071065989847717,0.0006345177664974619,0.0,0.0038071065989847717,0.0025380710659898475,0.0012690355329949238,0.0019035532994923859,0.0025380710659898475,0.0012690355329949238,0.0,0.0025380710659898475,0.0006345177664974619,0.0019035532994923859,0.0031725888324873096,0.0006345177664974619,0.0025380710659898475,0.0025380710659898475,0.0012690355329949238,0.0025380710659898475,0.0006345177664974619,0.0012690355329949238,0.0025380710659898475,0.0031725888324873096,0.0019035532994923859,0.0012690355329949238,0.0025380710659898475,0.0006345177664974619,0.0012690355329949238,0.0025380710659898475,0.0006345177664974619,0.0006345177664974619,0.0,0.0031725888324873096,0.0006345177664974619,0.0012690355329949238,0.0025380710659898475,0.0006345177664974619,0.0025380710659898475,0.0025380710659898475,0.0012690355329949238,0.0019035532994923859,0.0,0.0019035532994923859,0.0,0.0012690355329949238,0.0006345177664974619,0.0012690355329949238,0.0012690355329949238,0.0006345177664974619,0.0,0.0025380710659898475,0.0012690355329949238,0.0019035532994923859,0.0006345177664974619,0.0012690355329949238,0.0019035532994923859,0.0031725888324873096,0.0012690355329949238,0.0006345177664974619,0.0031725888324873096,0.0006345177664974619,0.0019035532994923859,0.0019035532994923859,0.005076142131979695,0.0006345177664974619,0.0025380710659898475,0.0,0.0,0.0006345177664974619,0.0019035532994923859,0.0006345177664974619,0.0,0.0012690355329949238,0.0,0.0031725888324873096,0.005076142131979695,0.0038071065989847717,0.0025380710659898475,0.0031725888324873096,0.0012690355329949238,0.0006345177664974619,0.0,0.0006345177664974619,0.0006345177664974619,0.0031725888324873096,0.0012690355329949238,0.0006345177664974619,0.0038071065989847717,0.004441624365482234,0.0019035532994923859,0.0012690355329949238,0.0019035532994923859,0.0019035532994923859,0.0,0.0012690355329949238,0.0,0.0019035532994923859,0.0,0.0031725888324873096,0.0006345177664974619,0.0031725888324873096,0.0038071065989847717,0.0025380710659898475,0.0006345177664974619,0.0,0.0006345177664974619,0.0019035532994923859,0.0012690355329949238,0.0,0.0025380710659898475,0.0,0.0038071065989847717,0.0025380710659898475,0.0,0.0012690355329949238,0.004441624365482234,0.0025380710659898475,0.0006345177664974619,0.0012690355329949238,0.0025380710659898475,0.0025380710659898475,0.004441624365482234,0.0012690355329949238,0.0006345177664974619,0.0012690355329949238,0.0012690355329949238,0.0038071065989847717,0.0,0.0006345177664974619,0.0038071065989847717,0.0006345177664974619,0.0025380710659898475,0.0012690355329949238,0.0,0.0012690355329949238,0.005710659898477157,0.0025380710659898475,0.0019035532994923859,0.0012690355329949238,0.005076142131979695,0.0025380710659898475,0.005076142131979695,0.0031725888324873096,0.0019035532994923859,0.0,0.0,0.0019035532994923859,0.0025380710659898475,0.0012690355329949238,0.0031725888324873096,0.0031725888324873096,0.0038071065989847717,0.006345177664974619,0.0006345177664974619,0.0019035532994923859,0.0031725888324873096,0.0025380710659898475,0.0025380710659898475,0.0,0.0,0.0012690355329949238,0.0012690355329949238,0.0006345177664974619,0.006345177664974619,0.0025380710659898475,0.0025380710659898475,0.0006345177664974619,0.0019035532994923859,0.0031725888324873096,0.0012690355329949238,0.0025380710659898475,0.0006345177664974619,0.0012690355329949238,0.0025380710659898475,0.0012690355329949238,0.0025380710659898475,0.0019035532994923859,0.0019035532994923859,0.0038071065989847717,0.0025380710659898475,0.0,0.004441624365482234,0.0019035532994923859,0.0006345177664974619,0.0025380710659898475,0.0,0.0012690355329949238,0.0025380710659898475,0.0012690355329949238,0.0012690355329949238,0.0025380710659898475,0.0006345177664974619,0.0012690355329949238,0.0031725888324873096,0.0038071065989847717,0.0012690355329949238,0.0025380710659898475,0.0006345177664974619,0.005076142131979695,0.0012690355329949238,0.0,0.0019035532994923859,0.0025380710659898475,0.0031725888324873096,0.0031725888324873096,0.0025380710659898475,0.0,0.0,0.004441624365482234,0.0031725888324873096,0.0,0.0006345177664974619,0.0031725888324873096,0.0025380710659898475,0.0025380710659898475,0.0006345177664974619,0.0012690355329949238,0.0012690355329949238,0.0031725888324873096,0.0025380710659898475,0.0006345177664974619,0.0012690355329949238,0.004441624365482234,0.0,0.0,0.0031725888324873096,0.0038071065989847717,0.0,0.0,0.0,0.0,0.0012690355329949238,0.0025380710659898475,0.0,0.0006345177664974619,0.0006345177664974619,0.004441624365482234,0.0012690355329949238,0.0,0.0019035532994923859,0.0,0.0,0.005076142131979695,0.0006345177664974619,0.0031725888324873096,0.0012690355329949238,0.0,0.004441624365482234,0.0006345177664974619,0.006979695431472081,0.0,0.0012690355329949238,0.0,0.0,0.006979695431472081,0.006345177664974619,0.0,0.0031725888324873096,0.0006345177664974619,0.0012690355329949238,0.0038071065989847717,0.0019035532994923859,0.0006345177664974619,0.0019035532994923859,0.0012690355329949238,0.0012690355329949238,0.0019035532994923859,0.0006345177664974619,0.0019035532994923859,0.0025380710659898475,0.0012690355329949238,0.0006345177664974619,0.0006345177664974619,0.0006345177664974619,0.0025380710659898475,0.0,0.0019035532994923859,0.0006345177664974619,0.0006345177664974619,0.0,0.0019035532994923859,0.0031725888324873096,0.0006345177664974619,0.0006345177664974619,0.0019035532994923859,0.0,0.0012690355329949238,0.0,0.0006345177664974619,0.0038071065989847717,0.004441624365482234,0.0025380710659898475,0.0006345177664974619,0.005076142131979695,0.0,0.007614213197969543,0.0019035532994923859,0.0006345177664974619,0.0019035532994923859,0.0019035532994923859,0.0019035532994923859,0.0012690355329949238,0.0012690355329949238,0.0006345177664974619,0.004441624365482234,0.005076142131979695,0.0006345177664974619,0.0012690355329949238,0.0006345177664974619,0.0012690355329949238,0.007614213197969543,0.0019035532994923859,0.004441624365482234,0.005710659898477157,0.0031725888324873096,0.0,0.0012690355329949238,0.0031725888324873096,0.0,0.0025380710659898475,0.0025380710659898475,0.0019035532994923859,0.0,0.0038071065989847717,0.0006345177664974619,0.0019035532994923859,0.0006345177664974619,0.0012690355329949238,0.0012690355329949238,0.0025380710659898475,0.0031725888324873096,0.0012690355329949238,0.006345177664974619,0.006345177664974619,0.0019035532994923859,0.0006345177664974619,0.0025380710659898475,0.0019035532994923859,0.0025380710659898475,0.0031725888324873096,0.0019035532994923859,0.0012690355329949238,0.0031725888324873096,0.0,0.0,0.0025380710659898475,0.004441624365482234,0.0038071065989847717,0.004441624365482234,0.0019035532994923859,0.0019035532994923859,0.0025380710659898475,0.0006345177664974619,0.0025380710659898475,0.0025380710659898475,0.0019035532994923859,0.0006345177664974619,0.0006345177664974619,0.0025380710659898475,0.0031725888324873096,0.0031725888324873096,0.0019035532994923859,0.0006345177664974619,0.0025380710659898475,0.0006345177664974619,0.004441624365482234,0.0019035532994923859,0.0025380710659898475,0.0012690355329949238,0.0031725888324873096,0.0019035532994923859,0.0019035532994923859,0.0,0.0019035532994923859,0.0025380710659898475,0.0012690355329949238,0.0012690355329949238,0.0025380710659898475,0.0006345177664974619,0.0019035532994923859,0.0019035532994923859,0.0006345177664974619,0.0019035532994923859,0.0019035532994923859,0.0038071065989847717,0.0006345177664974619,0.0012690355329949238,0.0025380710659898475,0.0012690355329949238,0.0006345177664974619,0.0,0.0038071065989847717,0.005076142131979695,0.0012690355329949238,0.0006345177664974619,0.0006345177664974619,0.0025380710659898475,0.0012690355329949238,0.0012690355329949238,0.0019035532994923859,0.0025380710659898475,0.0,0.0006345177664974619,0.0019035532994923859,0.0019035532994923859,0.0031725888324873096,0.0006345177664974619,0.0006345177664974619,0.0038071065989847717,0.0038071065989847717,0.0012690355329949238,0.0012690355329949238,0.0012690355329949238
1803lateDisease1,0.002201673271686482,0.0017613386173491853,0.001321003963011889,0.0017613386173491853,0.002201673271686482,0.0,0.002642007926023778,0.0017613386173491853,0.001321003963011889,0.00044033465433729633,0.001321003963011889,0.001321003963011889,0.00044033465433729633,0.002642007926023778,0.002642007926023778,0.00044033465433729633,0.005284015852047556,0.001321003963011889,0.0030823425803610744,0.001321003963011889,0.001321003963011889,0.00044033465433729633,0.0030823425803610744,0.002201673271686482,0.00044033465433729633,0.0,0.001321003963011889,0.001321003963011889,0.0017613386173491853,0.001321003963011889,0.00044033465433729633,0.0017613386173491853,0.0030823425803610744,0.0030823425803610744,0.0008806693086745927,0.002201673271686482,0.0030823425803610744,0.0030823425803610744,0.00044033465433729633,0.0017613386173491853,0.0017613386173491853,0.0048436811977102595,0.0,0.001321003963011889,0.0017613386173491853,0.002201673271686482,0.002642007926023778,0.001321003963011889,0.0,0.004403346543372964,0.002642007926023778,0.0,0.0,0.001321003963011889,0.0017613386173491853,0.0017613386173491853,0.00044033465433729633,0.0017613386173491853,0.002201673271686482,0.0017613386173491853,0.0008806693086745927,0.001321003963011889,0.0008806693086745927,0.001321003963011889,0.002201673271686482,0.001321003963011889,0.001321003963011889,0.0017613386173491853,0.0008806693086745927,0.0008806693086745927,0.002201673271686482,0.0,0.002642007926023778,0.0,0.0017613386173491853,0.0030823425803610744,0.001321003963011889,0.001321003963011889,0.002201673271686482,0.0008806693086745927,0.0017613386173491853,0.002201673271686482,0.001321003963011889,0.0017613386173491853,0.00044033465433729633,0.0035226772346983706,0.00044033465433729633,0.0017613386173491853,0.0008806693086745927,0.0017613386173491853,0.0017613386173491853,0.0017613386173491853,0.0,0.002201673271686482,0.0008806693086745927,0.002642007926023778,0.0,0.0008806693086745927,0.002201673271686482,0.002642007926023778,0.002201673271686482,0.0008806693086745927,0.00044033465433729633,0.005724350506384853,0.001321003963011889,0.002642007926023778,0.0008806693086745927,0.0008806693086745927,0.004403346543372964,0.0,0.0035226772346983706,0.0017613386173491853,0.0008806693086745927,0.001321003963011889,0.0017613386173491853,0.0017613386173491853,0.0,0.0017613386173491853,0.003963011889035667,0.0030823425803610744,0.0008806693086745927,0.0017613386173491853,0.00044033465433729633,0.001321003963011889,0.0017613386173491853,0.001321003963011889,0.0008806693086745927,0.0035226772346983706,0.00044033465433729633,0.001321003963011889,0.0017613386173491853,0.0,0.002201673271686482,0.0030823425803610744,0.002201673271686482,0.0,0.00044033465433729633,0.001321003963011889,0.00044033465433729633,0.002642007926023778,0.00044033465433729633,0.001321003963011889,0.0035226772346983706,0.00044033465433729633,0.0008806693086745927,0.0017613386173491853,0.001321003963011889,0.002201673271686482,0.0017613386173491853,0.004403346543372964,0.0030823425803610744,0.002642007926023778,0.002642007926023778,0.002201673271686482,0.002201673271686482,0.0017613386173491853,0.0035226772346983706,0.0017613386173491853,0.0035226772346983706,0.002201673271686482,0.0008806693086745927,0.00044033465433729633,0.0,0.002201673271686482,0.002642007926023778,0.001321003963011889,0.005724350506384853,0.002642007926023778,0.0008806693086745927,0.002201673271686482,0.001321003963011889,0.002201673271686482,0.002642007926023778,0.0030823425803610744,0.001321003963011889,0.0017613386173491853,0.0030823425803610744,0.001321003963011889,0.004403346543372964,0.002642007926023778,0.011008366358432409,0.002201673271686482,0.0008806693086745927,0.002642007926023778,0.0017613386173491853,0.004403346543372964,0.0017613386173491853,0.001321003963011889,0.002642007926023778,0.002201673271686482,0.0017613386173491853,0.0017613386173491853,0.00044033465433729633,0.0017613386173491853,0.0,0.0008806693086745927,0.004403346543372964,0.0017613386173491853,0.002642007926023778,0.0035226772346983706,0.001321003963011889,0.0017613386173491853,0.002201673271686482,0.0017613386173491853,0.002642007926023778,0.001321003963011889,0.002642007926023778,0.002201673271686482,0.0,0.007485689123734038,0.002201673271686482,0.0017613386173491853,0.001321003963011889,0.0017613386173491853,0.002642007926023778,0.0008806693086745927,0.002201673271686482,0.0030823425803610744,0.0035226772346983706,0.0030823425803610744,0.0008806693086745927,0.002201673271686482,0.001321003963011889,0.001321003963011889,0.00044033465433729633,0.001321003963011889,0.003963011889035667,0.0048436811977102595,0.0008806693086745927,0.002642007926023778,0.0008806693086745927,0.001321003963011889,0.002201673271686482,0.0030823425803610744,0.0,0.002201673271686482,0.0,0.001321003963011889,0.0,0.002201673271686482,0.0,0.0017613386173491853,0.0008806693086745927,0.001321003963011889,0.0017613386173491853,0.0017613386173491853,0.001321003963011889,0.0008806693086745927,0.001321003963011889,0.002642007926023778,0.002201673271686482,0.002642007926023778,0.00044033465433729633,0.001321003963011889,0.003963011889035667,0.0030823425803610744,0.00044033465433729633,0.002642007926023778,0.0048436811977102595,0.002201673271686482,0.0008806693086745927,0.001321003963011889,0.001321003963011889,0.0035226772346983706,0.001321003963011889,0.0008806693086745927,0.0017613386173491853,0.001321003963011889,0.0008806693086745927,0.001321003963011889,0.001321003963011889,0.0030823425803610744,0.003963011889035667,0.00044033465433729633,0.0017613386173491853,0.0017613386173491853,0.0017613386173491853,0.001321003963011889,0.002201673271686482,0.0035226772346983706,0.0,0.0017613386173491853,0.002642007926023778,0.0017613386173491853,0.0035226772346983706,0.001321003963011889,0.003963011889035667,0.0017613386173491853,0.0017613386173491853,0.001321003963011889,0.0030823425803610744,0.002201673271686482,0.0017613386173491853,0.0,0.002201673271686482,0.001321003963011889,0.0030823425803610744,0.0008806693086745927,0.002201673271686482,0.0035226772346983706,0.001321003963011889,0.002201673271686482,0.0017613386173491853,0.002201673271686482,0.002642007926023778,0.001321003963011889,0.0017613386173491853,0.001321003963011889,0.001321003963011889,0.0008806693086745927,0.0017613386173491853,0.001321003963011889,0.0035226772346983706,0.0030823425803610744,0.0030823425803610744,0.00044033465433729633,0.0030823425803610744,0.001321003963011889,0.0,0.002201673271686482,0.0008806693086745927,0.001321003963011889,0.002201673271686482,0.002201673271686482,0.001321003963011889,0.001321003963011889,0.00044033465433729633,0.0035226772346983706,0.001321003963011889,0.003963011889035667,0.00044033465433729633,0.0030823425803610744,0.001321003963011889,0.002642007926023778,0.002201673271686482,0.00044033465433729633,0.002201673271686482,0.0008806693086745927,0.003963011889035667,0.0048436811977102595,0.0035226772346983706,0.0017613386173491853,0.004403346543372964,0.002201673271686482,0.00044033465433729633,0.0030823425803610744,0.002201673271686482,0.00044033465433729633,0.0008806693086745927,0.002642007926023778,0.002201673271686482,0.004403346543372964,0.00044033465433729633,0.001321003963011889,0.002201673271686482,0.0008806693086745927,0.0008806693086745927,0.002201673271686482,0.002642007926023778,0.0017613386173491853,0.0017613386173491853,0.0030823425803610744,0.0035226772346983706,0.002642007926023778,0.0030823425803610744,0.00044033465433729633,0.0017613386173491853,0.002201673271686482,0.0017613386173491853,0.004403346543372964,0.0017613386173491853,0.00044033465433729633,0.00044033465433729633,0.001321003963011889,0.0035226772346983706,0.00044033465433729633,0.002642007926023778,0.001321003963011889,0.0030823425803610744,0.001321003963011889,0.002201673271686482,0.001321003963011889,0.002642007926023778,0.0017613386173491853,0.0008806693086745927,0.002642007926023778,0.001321003963011889,0.001321003963011889,0.0017613386173491853,0.0048436811977102595,0.00044033465433729633,0.00044033465433729633,0.0008806693086745927,0.002201673271686482,0.0,0.00044033465433729633,0.003963011889035667,0.0017613386173491853,0.0035226772346983706,0.0017613386173491853,0.002201673271686482,0.007045354469396741,0.001321003963011889,0.002642007926023778,0.0,0.003963011889035667,0.0008806693086745927,0.002201673271686482,0.004403346543372964,0.002642007926023778,0.0017613386173491853,0.005724350506384853,0.00044033465433729633,0.004403346543372964,0.002642007926023778,0.0017613386173491853,0.002642007926023778,0.0048436811977102595,0.00044033465433729633,0.0017613386173491853,0.0017613386173491853,0.004403346543372964,0.0008806693086745927,0.0008806693086745927,0.0008806693086745927,0.00044033465433729633,0.002642007926023778,0.0008806693086745927,0.0017613386173491853,0.00044033465433729633,0.0,0.002642007926023778,0.0,0.0030823425803610744,0.002201673271686482,0.002201673271686482,0.0048436811977102595,0.0017613386173491853,0.0030823425803610744,0.0017613386173491853,0.002642007926023778,0.001321003963011889,0.0008806693086745927,0.0066050198150594455,0.0048436811977102595,0.0017613386173491853,0.0008806693086745927,0.00044033465433729633,0.002201673271686482,0.002201673271686482,0.0008806693086745927,0.002642007926023778,0.0008806693086745927,0.002201673271686482,0.002642007926023778,0.003963011889035667,0.001321003963011889,0.0017613386173491853,0.001321003963011889,0.0017613386173491853,0.0008806693086745927,0.002642007926023778,0.0030823425803610744,0.0035226772346983706,0.0035226772346983706,0.003963011889035667,0.001321003963011889,0.00044033465433729633,0.0066050198150594455,0.0,0.002201673271686482,0.001321003963011889,0.0008806693086745927,0.005724350506384853,0.002642007926023778,0.001321003963011889,0.0008806693086745927,0.0030823425803610744,0.0035226772346983706,0.001321003963011889,0.0048436811977102595,0.002201673271686482,0.004403346543372964,0.00044033465433729633,0.005284015852047556,0.0048436811977102595,0.00044033465433729633,0.001321003963011889,0.0030823425803610744,0.0008806693086745927,0.0048436811977102595,0.001321003963011889,0.001321003963011889,0.00044033465433729633,0.0008806693086745927,0.001321003963011889,0.0017613386173491853,0.001321003963011889,0.0017613386173491853,0.0048436811977102595,0.0035226772346983706,0.001321003963011889,0.0008806693086745927,0.0035226772346983706,0.0017613386173491853,0.002201673271686482,0.0,0.0008806693086745927,0.0008806693086745927,0.00044033465433729633,0.0008806693086745927,0.0030823425803610744
1804lateDisease5,0.0011376564277588168,0.0034129692832764505,0.002844141069397042,0.0017064846416382253,0.0017064846416382253,0.0,0.0011376564277588168,0.0,0.0005688282138794084,0.0,0.002844141069397042,0.0017064846416382253,0.0011376564277588168,0.0017064846416382253,0.0,0.002844141069397042,0.0011376564277588168,0.0011376564277588168,0.002844141069397042,0.0005688282138794084,0.0017064846416382253,0.002844141069397042,0.003981797497155859,0.0011376564277588168,0.0,0.0,0.0005688282138794084,0.0011376564277588168,0.0022753128555176336,0.0005688282138794084,0.0,0.0017064846416382253,0.00739476678043231,0.0034129692832764505,0.0017064846416382253,0.0005688282138794084,0.0011376564277588168,0.0011376564277588168,0.002844141069397042,0.0011376564277588168,0.0017064846416382253,0.0005688282138794084,0.0,0.0,0.0005688282138794084,0.0,0.002844141069397042,0.0,0.0022753128555176336,0.005688282138794084,0.003981797497155859,0.0,0.0,0.0011376564277588168,0.002844141069397042,0.0005688282138794084,0.002844141069397042,0.0022753128555176336,0.0005688282138794084,0.0017064846416382253,0.0,0.0005688282138794084,0.00739476678043231,0.0011376564277588168,0.0017064846416382253,0.0005688282138794084,0.0005688282138794084,0.0011376564277588168,0.0,0.0,0.0017064846416382253,0.0,0.0022753128555176336,0.0005688282138794084,0.0022753128555176336,0.0017064846416382253,0.0011376564277588168,0.0017064846416382253,0.0011376564277588168,0.0,0.0017064846416382253,0.004550625711035267,0.0017064846416382253,0.0011376564277588168,0.0011376564277588168,0.0005688282138794084,0.0,0.0022753128555176336,0.0,0.0017064846416382253,0.0011376564277588168,0.002844141069397042,0.0,0.0011376564277588168,0.0011376564277588168,0.0,0.0,0.0005688282138794084,0.0011376564277588168,0.0034129692832764505,0.0017064846416382253,0.002844141069397042,0.0005688282138794084,0.005688282138794084,0.0005688282138794084,0.0011376564277588168,0.0011376564277588168,0.0,0.00739476678043231,0.0005688282138794084,0.0022753128555176336,0.0011376564277588168,0.0017064846416382253,0.0017064846416382253,0.0011376564277588168,0.0005688282138794084,0.0,0.0022753128555176336,0.0005688282138794084,0.0034129692832764505,0.005688282138794084,0.0,0.0,0.005119453924914676,0.0022753128555176336,0.0005688282138794084,0.0011376564277588168,0.006257110352673493,0.0017064846416382253,0.0011376564277588168,0.0034129692832764505,0.0,0.003981797497155859,0.0022753128555176336,0.0,0.0005688282138794084,0.0011376564277588168,0.0005688282138794084,0.0,0.0011376564277588168,0.0,0.0011376564277588168,0.0034129692832764505,0.0005688282138794084,0.0005688282138794084,0.002844141069397042,0.0005688282138794084,0.004550625711035267,0.0022753128555176336,0.0022753128555176336,0.0005688282138794084,0.003981797497155859,0.0022753128555176336,0.0005688282138794084,0.0022753128555176336,0.0017064846416382253,0.0022753128555176336,0.0011376564277588168,0.0011376564277588168,0.0034129692832764505,0.0034129692832764505,0.0022753128555176336,0.0,0.0017064846416382253,0.0005688282138794084,0.0022753128555176336,0.005119453924914676,0.0,0.0005688282138794084,0.004550625711035267,0.0022753128555176336,0.0,0.0034129692832764505,0.006257110352673493,0.0005688282138794084,0.0,0.002844141069397042,0.0017064846416382253,0.006825938566552901,0.0011376564277588168,0.007963594994311717,0.0005688282138794084,0.0011376564277588168,0.0022753128555176336,0.002844141069397042,0.0022753128555176336,0.0,0.0,0.0011376564277588168,0.002844141069397042,0.013083048919226393,0.0011376564277588168,0.0005688282138794084,0.006257110352673493,0.0005688282138794084,0.0005688282138794084,0.0011376564277588168,0.0011376564277588168,0.0017064846416382253,0.0022753128555176336,0.0017064846416382253,0.0005688282138794084,0.0,0.0005688282138794084,0.0017064846416382253,0.0017064846416382253,0.0034129692832764505,0.006257110352673493,0.0,0.005119453924914676,0.0005688282138794084,0.0022753128555176336,0.0017064846416382253,0.0034129692832764505,0.0022753128555176336,0.0005688282138794084,0.003981797497155859,0.0011376564277588168,0.0005688282138794084,0.005688282138794084,0.002844141069397042,0.002844141069397042,0.0011376564277588168,0.0022753128555176336,0.0034129692832764505,0.0005688282138794084,0.0017064846416382253,0.002844141069397042,0.0,0.0005688282138794084,0.0,0.0011376564277588168,0.0034129692832764505,0.005688282138794084,0.0,0.0011376564277588168,0.0005688282138794084,0.002844141069397042,0.0,0.0,0.0,0.0005688282138794084,0.0005688282138794084,0.002844141069397042,0.0011376564277588168,0.0011376564277588168,0.0005688282138794084,0.0017064846416382253,0.0022753128555176336,0.0005688282138794084,0.0005688282138794084,0.004550625711035267,0.0011376564277588168,0.002844141069397042,0.0005688282138794084,0.0017064846416382253,0.0,0.002844141069397042,0.0022753128555176336,0.0005688282138794084,0.0005688282138794084,0.0022753128555176336,0.0,0.0017064846416382253,0.0017064846416382253,0.0005688282138794084,0.0011376564277588168,0.0,0.002844141069397042,0.0011376564277588168,0.0022753128555176336,0.0017064846416382253,0.003981797497155859,0.0022753128555176336,0.0017064846416382253,0.0034129692832764505,0.0011376564277588168,0.0005688282138794084,0.0005688282138794084,0.005119453924914676,0.0011376564277588168,0.005688282138794084,0.0017064846416382253,0.0022753128555176336,0.0017064846416382253,0.0022753128555176336,0.0005688282138794084,0.0011376564277588168,0.0017064846416382253,0.0011376564277588168,0.0034129692832764505,0.002844141069397042,0.002844141069397042,0.0,0.0005688282138794084,0.0011376564277588168,0.0034129692832764505,0.0011376564277588168,0.0022753128555176336,0.002844141069397042,0.002844141069397042,0.0017064846416382253,0.0011376564277588168,0.003981797497155859,0.0,0.0005688282138794084,0.0005688282138794084,0.0,0.0022753128555176336,0.0005688282138794084,0.002844141069397042,0.0005688282138794084,0.0011376564277588168,0.0005688282138794084,0.0022753128555176336,0.0005688282138794084,0.005119453924914676,0.0017064846416382253,0.0011376564277588168,0.0011376564277588168,0.0005688282138794084,0.0011376564277588168,0.004550625711035267,0.002844141069397042,0.0005688282138794084,0.0022753128555176336,0.0,0.0,0.004550625711035267,0.0034129692832764505,0.0,0.0034129692832764505,0.0017064846416382253,0.004550625711035267,0.0011376564277588168,0.0,0.002844141069397042,0.0022753128555176336,0.0034129692832764505,0.005119453924914676,0.002844141069397042,0.0011376564277588168,0.0017064846416382253,0.0005688282138794084,0.003981797497155859,0.006257110352673493,0.0005688282138794084,0.0034129692832764505,0.0,0.0017064846416382253,0.0,0.004550625711035267,0.0,0.0,0.0,0.0005688282138794084,0.0,0.0022753128555176336,0.002844141069397042,0.0034129692832764505,0.004550625711035267,0.0034129692832764505,0.002844141069397042,0.005688282138794084,0.0,0.0005688282138794084,0.0011376564277588168,0.0011376564277588168,0.0005688282138794084,0.0034129692832764505,0.004550625711035267,0.0005688282138794084,0.0011376564277588168,0.0011376564277588168,0.00739476678043231,0.0005688282138794084,0.0022753128555176336,0.0022753128555176336,0.005119453924914676,0.006257110352673493,0.0005688282138794084,0.0017064846416382253,0.0005688282138794084,0.002844141069397042,0.0,0.0022753128555176336,0.0017064846416382253,0.002844141069397042,0.0017064846416382253,0.002844141069397042,0.0017064846416382253,0.0,0.0,0.003981797497155859,0.0,0.005119453924914676,0.006825938566552901,0.0022753128555176336,0.0017064846416382253,0.0005688282138794084,0.0034129692832764505,0.007963594994311717,0.003981797497155859,0.005119453924914676,0.0,0.0011376564277588168,0.0,0.0011376564277588168,0.0022753128555176336,0.005688282138794084,0.0,0.006257110352673493,0.0,0.004550625711035267,0.0034129692832764505,0.0005688282138794084,0.0,0.0011376564277588168,0.0005688282138794084,0.0011376564277588168,0.0034129692832764505,0.0005688282138794084,0.0,0.0,0.0017064846416382253,0.004550625711035267,0.0034129692832764505,0.0034129692832764505,0.0017064846416382253,0.0011376564277588168,0.0022753128555176336,0.0,0.0,0.002844141069397042,0.007963594994311717,0.003981797497155859,0.0022753128555176336,0.0017064846416382253,0.0,0.003981797497155859,0.002844141069397042,0.0,0.0005688282138794084,0.008532423208191127,0.005119453924914676,0.0005688282138794084,0.0,0.0005688282138794084,0.003981797497155859,0.0005688282138794084,0.0005688282138794084,0.0034129692832764505,0.0,0.004550625711035267,0.0011376564277588168,0.0017064846416382253,0.0,0.0022753128555176336,0.0,0.0034129692832764505,0.0005688282138794084,0.002844141069397042,0.0011376564277588168,0.005688282138794084,0.002844141069397042,0.006825938566552901,0.0034129692832764505,0.0005688282138794084,0.0034129692832764505,0.0,0.0017064846416382253,0.0022753128555176336,0.0011376564277588168,0.009670079635949944,0.006825938566552901,0.0005688282138794084,0.002844141069397042,0.0034129692832764505,0.0022753128555176336,0.0011376564277588168,0.005119453924914676,0.0034129692832764505,0.0017064846416382253,0.0,0.005119453924914676,0.002844141069397042,0.0022753128555176336,0.002844141069397042,0.005119453924914676,0.005688282138794084,0.0022753128555176336,0.0005688282138794084,0.0017064846416382253,0.0022753128555176336,0.0011376564277588168,0.0011376564277588168,0.0011376564277588168,0.0034129692832764505,0.0005688282138794084,0.004550625711035267,0.005119453924914676,0.0017064846416382253,0.0005688282138794084,0.0034129692832764505,0.0011376564277588168,0.0,0.0022753128555176336,0.0022753128555176336,0.0017064846416382253,0.0,0.0005688282138794084,0.0011376564277588168
1793ready80,0.0020134228187919465,0.0,0.0020134228187919465,0.0006711409395973154,0.0013422818791946308,0.006711409395973154,0.0,0.0,0.0,0.0087248322147651,0.0020134228187919465,0.0020134228187919465,0.0006711409395973154,0.0020134228187919465,0.003355704697986577,0.0020134228187919465,0.0,0.003355704697986577,0.0013422818791946308,0.0006711409395973154,0.0,0.0020134228187919465,0.0,0.0026845637583892616,0.0,0.0006711409395973154,0.0013422818791946308,0.0006711409395973154,0.0013422818791946308,0.0013422818791946308,0.0013422818791946308,0.0006711409395973154,0.0020134228187919465,0.0026845637583892616,0.0013422818791946308,0.0020134228187919465,0.0006711409395973154,0.0013422818791946308,0.0026845637583892616,0.0020134228187919465,0.0,0.003355704697986577,0.006711409395973154,0.0020134228187919465,0.0013422818791946308,0.0006711409395973154,0.0013422818791946308,0.0,0.0,0.0026845637583892616,0.0006711409395973154,0.0020134228187919465,0.0026845637583892616,0.003355704697986577,0.0026845637583892616,0.003355704697986577,0.0020134228187919465,0.0026845637583892616,0.0020134228187919465,0.0,0.0006711409395973154,0.0013422818791946308,0.006711409395973154,0.0026845637583892616,0.0013422818791946308,0.0020134228187919465,0.0026845637583892616,0.0006711409395973154,0.0006711409395973154,0.0013422818791946308,0.0020134228187919465,0.006711409395973154,0.0026845637583892616,0.0013422818791946308,0.0,0.0006711409395973154,0.0013422818791946308,0.0,0.009395973154362415,0.0013422818791946308,0.0,0.0020134228187919465,0.0026845637583892616,0.003355704697986577,0.0006711409395973154,0.0013422818791946308,0.0087248322147651,0.0013422818791946308,0.003355704697986577,0.0020134228187919465,0.004697986577181208,0.0006711409395973154,0.0006711409395973154,0.0006711409395973154,0.0026845637583892616,0.005369127516778523,0.0013422818791946308,0.004026845637583893,0.0,0.004026845637583893,0.0020134228187919465,0.0013422818791946308,0.003355704697986577,0.0026845637583892616,0.0,0.0013422818791946308,0.0006711409395973154,0.0,0.0,0.006040268456375839,0.0013422818791946308,0.0006711409395973154,0.0020134228187919465,0.0,0.0013422818791946308,0.0013422818791946308,0.0026845637583892616,0.0020134228187919465,0.0006711409395973154,0.0006711409395973154,0.004026845637583893,0.0026845637583892616,0.004026845637583893,0.004697986577181208,0.0006711409395973154,0.0026845637583892616,0.0026845637583892616,0.0020134228187919465,0.0020134228187919465,0.0013422818791946308,0.0,0.0,0.0,0.003355704697986577,0.0026845637583892616,0.0006711409395973154,0.0006711409395973154,0.0006711409395973154,0.0020134228187919465,0.003355704697986577,0.0006711409395973154,0.0006711409395973154,0.0,0.006040268456375839,0.0,0.0,0.0006711409395973154,0.0013422818791946308,0.0013422818791946308,0.0006711409395973154,0.0020134228187919465,0.0013422818791946308,0.0,0.0013422818791946308,0.0026845637583892616,0.0020134228187919465,0.0026845637583892616,0.0026845637583892616,0.0006711409395973154,0.004026845637583893,0.0013422818791946308,0.0013422818791946308,0.00738255033557047,0.0013422818791946308,0.0020134228187919465,0.0,0.0,0.0013422818791946308,0.004026845637583893,0.0006711409395973154,0.0,0.0013422818791946308,0.0,0.0006711409395973154,0.0020134228187919465,0.006040268456375839,0.0026845637583892616,0.0026845637583892616,0.0,0.0013422818791946308,0.0006711409395973154,0.0006711409395973154,0.0,0.0020134228187919465,0.0,0.003355704697986577,0.0013422818791946308,0.0013422818791946308,0.0026845637583892616,0.005369127516778523,0.004697986577181208,0.00738255033557047,0.0020134228187919465,0.0020134228187919465,0.0006711409395973154,0.0026845637583892616,0.0,0.0020134228187919465,0.0,0.0006711409395973154,0.0013422818791946308,0.006040268456375839,0.0006711409395973154,0.0006711409395973154,0.0,0.0006711409395973154,0.0,0.0,0.0013422818791946308,0.0006711409395973154,0.0013422818791946308,0.0006711409395973154,0.0020134228187919465,0.0,0.0020134228187919465,0.0026845637583892616,0.0026845637583892616,0.0006711409395973154,0.0020134228187919465,0.0020134228187919465,0.004026845637583893,0.0,0.0,0.0013422818791946308,0.0020134228187919465,0.0026845637583892616,0.0013422818791946308,0.0013422818791946308,0.003355704697986577,0.003355704697986577,0.0006711409395973154,0.006711409395973154,0.0,0.0013422818791946308,0.0026845637583892616,0.005369127516778523,0.0013422818791946308,0.0,0.003355704697986577,0.0,0.004697986577181208,0.0,0.0006711409395973154,0.0,0.003355704697986577,0.0020134228187919465,0.0013422818791946308,0.0006711409395973154,0.0006711409395973154,0.0006711409395973154,0.0006711409395973154,0.0,0.0013422818791946308,0.0020134228187919465,0.004697986577181208,0.0013422818791946308,0.0,0.0006711409395973154,0.0,0.003355704697986577,0.0020134228187919465,0.0026845637583892616,0.024832214765100672,0.0006711409395973154,0.0006711409395973154,0.0026845637583892616,0.0020134228187919465,0.004026845637583893,0.0,0.0013422818791946308,0.0013422818791946308,0.0026845637583892616,0.0013422818791946308,0.003355704697986577,0.0006711409395973154,0.0020134228187919465,0.0,0.0026845637583892616,0.0013422818791946308,0.0006711409395973154,0.004026845637583893,0.006040268456375839,0.0020134228187919465,0.0,0.0,0.0013422818791946308,0.0026845637583892616,0.0,0.0026845637583892616,0.0026845637583892616,0.0013422818791946308,0.0013422818791946308,0.0,0.0013422818791946308,0.0013422818791946308,0.005369127516778523,0.0020134228187919465,0.0020134228187919465,0.003355704697986577,0.0,0.0,0.003355704697986577,0.0026845637583892616,0.0006711409395973154,0.0026845637583892616,0.0020134228187919465,0.003355704697986577,0.0026845637583892616,0.0,0.0020134228187919465,0.0020134228187919465,0.0020134228187919465,0.0013422818791946308,0.0006711409395973154,0.003355704697986577,0.0006711409395973154,0.003355704697986577,0.0020134228187919465,0.0013422818791946308,0.0013422818791946308,0.0006711409395973154,0.003355704697986577,0.0006711409395973154,0.0,0.0013422818791946308,0.0006711409395973154,0.0,0.0013422818791946308,0.0006711409395973154,0.0,0.0013422818791946308,0.0,0.0006711409395973154,0.0013422818791946308,0.0026845637583892616,0.0006711409395973154,0.0013422818791946308,0.0,0.0,0.0006711409395973154,0.0,0.006040268456375839,0.0020134228187919465,0.004026845637583893,0.0,0.0,0.005369127516778523,0.004697986577181208,0.003355704697986577,0.0006711409395973154,0.0020134228187919465,0.0,0.003355704697986577,0.00738255033557047,0.0020134228187919465,0.0006711409395973154,0.0026845637583892616,0.0013422818791946308,0.0026845637583892616,0.003355704697986577,0.003355704697986577,0.0,0.0,0.0026845637583892616,0.0013422818791946308,0.0,0.0,0.0020134228187919465,0.0026845637583892616,0.0026845637583892616,0.0,0.0006711409395973154,0.003355704697986577,0.006040268456375839,0.0,0.0,0.006040268456375839,0.0,0.0,0.0006711409395973154,0.004026845637583893,0.0013422818791946308,0.0013422818791946308,0.0013422818791946308,0.0006711409395973154,0.0026845637583892616,0.005369127516778523,0.0,0.0013422818791946308,0.004697986577181208,0.0026845637583892616,0.003355704697986577,0.003355704697986577,0.0026845637583892616,0.0020134228187919465,0.006711409395973154,0.0013422818791946308,0.003355704697986577,0.0013422818791946308,0.0013422818791946308,0.0026845637583892616,0.0,0.0,0.0006711409395973154,0.0020134228187919465,0.0006711409395973154,0.0013422818791946308,0.0006711409395973154,0.0,0.006040268456375839,0.0006711409395973154,0.0087248322147651,0.0020134228187919465,0.003355704697986577,0.0,0.0020134228187919465,0.0006711409395973154,0.0006711409395973154,0.0026845637583892616,0.0020134228187919465,0.0,0.0,0.0020134228187919465,0.0013422818791946308,0.0020134228187919465,0.0,0.003355704697986577,0.0,0.0013422818791946308,0.004026845637583893,0.0013422818791946308,0.0020134228187919465,0.025503355704697986,0.0020134228187919465,0.0006711409395973154,0.0020134228187919465,0.003355704697986577,0.0026845637583892616,0.003355704697986577,0.006040268456375839,0.0,0.0006711409395973154,0.0013422818791946308,0.0,0.004026845637583893,0.003355704697986577,0.005369127516778523,0.0020134228187919465,0.003355704697986577,0.0013422818791946308,0.0006711409395973154,0.0,0.0006711409395973154,0.0026845637583892616,0.0006711409395973154,0.0,0.0013422818791946308,0.004026845637583893,0.0026845637583892616,0.0013422818791946308,0.0013422818791946308,0.0,0.004026845637583893,0.0013422818791946308,0.0026845637583892616,0.0020134228187919465,0.0087248322147651,0.0013422818791946308,0.0013422818791946308,0.0,0.0006711409395973154,0.0026845637583892616,0.0013422818791946308,0.0026845637583892616,0.0020134228187919465,0.0026845637583892616,0.0020134228187919465,0.0,0.0013422818791946308,0.0020134228187919465,0.0,0.0,0.0026845637583892616,0.0020134228187919465,0.0,0.0,0.0020134228187919465,0.0026845637583892616,0.0,0.0006711409395973154,0.0013422818791946308,0.006711409395973154,0.0026845637583892616,0.0,0.003355704697986577,0.004026845637583893,0.0,0.0020134228187919465,0.004026845637583893,0.003355704697986577,0.0,0.0006711409395973154,0.0020134228187919465,0.003355704697986577,0.003355704697986577,0.0020134228187919465,0.003355704697986577,0.0,0.00738255033557047,0.0006711409395973154,0.0020134228187919465,0.0013422818791946308
1793ready81,0.0015372790161414297,0.0007686395080707148,0.0007686395080707148,0.0015372790161414297,0.003843197540353574,0.011529592621060722,0.0007686395080707148,0.0023059185242121443,0.0023059185242121443,0.005380476556495004,0.0007686395080707148,0.0015372790161414297,0.0030745580322828594,0.0023059185242121443,0.0,0.0023059185242121443,0.0,0.0007686395080707148,0.0015372790161414297,0.0007686395080707148,0.0023059185242121443,0.0,0.0007686395080707148,0.0007686395080707148,0.003843197540353574,0.003843197540353574,0.0,0.0007686395080707148,0.0030745580322828594,0.0015372790161414297,0.0030745580322828594,0.0015372790161414297,0.0015372790161414297,0.0,0.0015372790161414297,0.0015372790161414297,0.005380476556495004,0.0007686395080707148,0.005380476556495004,0.0,0.0015372790161414297,0.0023059185242121443,0.006917755572636433,0.0,0.0023059185242121443,0.0007686395080707148,0.0015372790161414297,0.0030745580322828594,0.0007686395080707148,0.0023059185242121443,0.0,0.0007686395080707148,0.007686395080707148,0.0023059185242121443,0.0007686395080707148,0.0007686395080707148,0.0007686395080707148,0.0007686395080707148,0.004611837048424289,0.0015372790161414297,0.0023059185242121443,0.0007686395080707148,0.004611837048424289,0.0,0.0,0.0015372790161414297,0.003843197540353574,0.003843197540353574,0.0015372790161414297,0.006149116064565719,0.0030745580322828594,0.003843197540353574,0.0007686395080707148,0.0,0.0,0.004611837048424289,0.0023059185242121443,0.0030745580322828594,0.0,0.0007686395080707148,0.0007686395080707148,0.004611837048424289,0.0030745580322828594,0.0015372790161414297,0.0023059185242121443,0.0,0.01614142966948501,0.0015372790161414297,0.0,0.0,0.0,0.0007686395080707148,0.006149116064565719,0.003843197540353574,0.0007686395080707148,0.011529592621060722,0.0,0.0015372790161414297,0.0007686395080707148,0.0030745580322828594,0.0015372790161414297,0.0,0.0015372790161414297,0.0023059185242121443,0.0023059185242121443,0.0015372790161414297,0.0007686395080707148,0.003843197540353574,0.0007686395080707148,0.0,0.003843197540353574,0.0007686395080707148,0.0023059185242121443,0.0023059185242121443,0.0,0.0015372790161414297,0.005380476556495004,0.0007686395080707148,0.005380476556495004,0.0,0.0015372790161414297,0.0007686395080707148,0.0030745580322828594,0.0,0.0015372790161414297,0.0007686395080707148,0.0007686395080707148,0.004611837048424289,0.0023059185242121443,0.0,0.0007686395080707148,0.005380476556495004,0.0,0.0015372790161414297,0.0015372790161414297,0.005380476556495004,0.0007686395080707148,0.0007686395080707148,0.0023059185242121443,0.0015372790161414297,0.0015372790161414297,0.0015372790161414297,0.0,0.0,0.0015372790161414297,0.0,0.0015372790161414297,0.0007686395080707148,0.0007686395080707148,0.0015372790161414297,0.0,0.0,0.0,0.0030745580322828594,0.003843197540353574,0.0015372790161414297,0.003843197540353574,0.0,0.0007686395080707148,0.0023059185242121443,0.003843197540353574,0.0,0.01614142966948501,0.0,0.0,0.0,0.0,0.0030745580322828594,0.0023059185242121443,0.0007686395080707148,0.0,0.0007686395080707148,0.0,0.0015372790161414297,0.006149116064565719,0.0030745580322828594,0.0015372790161414297,0.0015372790161414297,0.0007686395080707148,0.0030745580322828594,0.0,0.0015372790161414297,0.0015372790161414297,0.0,0.0,0.0015372790161414297,0.004611837048424289,0.003843197540353574,0.003843197540353574,0.0,0.009992313604919293,0.0007686395080707148,0.0015372790161414297,0.0,0.005380476556495004,0.0,0.0,0.0030745580322828594,0.0007686395080707148,0.0015372790161414297,0.0023059185242121443,0.0030745580322828594,0.003843197540353574,0.006149116064565719,0.0007686395080707148,0.0,0.0,0.0,0.003843197540353574,0.0,0.0007686395080707148,0.0023059185242121443,0.0030745580322828594,0.0,0.0015372790161414297,0.003843197540353574,0.0,0.0015372790161414297,0.0023059185242121443,0.0030745580322828594,0.0007686395080707148,0.0015372790161414297,0.004611837048424289,0.0,0.0007686395080707148,0.0023059185242121443,0.0023059185242121443,0.0007686395080707148,0.010760953112990008,0.0,0.0007686395080707148,0.0,0.0,0.0,0.006149116064565719,0.0015372790161414297,0.0,0.0015372790161414297,0.0023059185242121443,0.0023059185242121443,0.014604150653343582,0.0,0.005380476556495004,0.0,0.0015372790161414297,0.0023059185242121443,0.0015372790161414297,0.0015372790161414297,0.0023059185242121443,0.0030745580322828594,0.003843197540353574,0.0023059185242121443,0.004611837048424289,0.0007686395080707148,0.006149116064565719,0.0,0.0030745580322828594,0.0,0.0,0.003843197540353574,0.0007686395080707148,0.0023059185242121443,0.011529592621060722,0.004611837048424289,0.0,0.0030745580322828594,0.0023059185242121443,0.0,0.0,0.003843197540353574,0.0,0.0,0.0,0.0015372790161414297,0.003843197540353574,0.004611837048424289,0.003843197540353574,0.0023059185242121443,0.0015372790161414297,0.0,0.0,0.006149116064565719,0.0007686395080707148,0.0,0.0007686395080707148,0.0023059185242121443,0.0,0.0,0.0007686395080707148,0.0015372790161414297,0.0007686395080707148,0.0023059185242121443,0.0015372790161414297,0.004611837048424289,0.0007686395080707148,0.003843197540353574,0.0,0.0007686395080707148,0.003843197540353574,0.0,0.0,0.0015372790161414297,0.0015372790161414297,0.0007686395080707148,0.0023059185242121443,0.0,0.0,0.0015372790161414297,0.0007686395080707148,0.0015372790161414297,0.0015372790161414297,0.0023059185242121443,0.0,0.0007686395080707148,0.0007686395080707148,0.0023059185242121443,0.0015372790161414297,0.0015372790161414297,0.0030745580322828594,0.0030745580322828594,0.004611837048424289,0.0007686395080707148,0.0007686395080707148,0.0015372790161414297,0.0015372790161414297,0.003843197540353574,0.006917755572636433,0.006149116064565719,0.0,0.0,0.0023059185242121443,0.0015372790161414297,0.0015372790161414297,0.0,0.0030745580322828594,0.0030745580322828594,0.0,0.0,0.0,0.0,0.0,0.0007686395080707148,0.0015372790161414297,0.0015372790161414297,0.003843197540353574,0.0,0.0007686395080707148,0.0007686395080707148,0.004611837048424289,0.0,0.0007686395080707148,0.0,0.0023059185242121443,0.011529592621060722,0.0007686395080707148,0.0007686395080707148,0.0015372790161414297,0.0007686395080707148,0.004611837048424289,0.005380476556495004,0.0015372790161414297,0.0,0.0,0.0,0.0023059185242121443,0.0007686395080707148,0.0023059185242121443,0.0015372790161414297,0.0007686395080707148,0.0,0.0,0.003843197540353574,0.003843197540353574,0.0,0.0,0.0015372790161414297,0.0,0.0007686395080707148,0.0,0.0,0.0,0.0015372790161414297,0.0007686395080707148,0.0007686395080707148,0.010760953112990008,0.005380476556495004,0.0,0.0,0.0023059185242121443,0.0030745580322828594,0.0,0.0,0.010760953112990008,0.0007686395080707148,0.0030745580322828594,0.0007686395080707148,0.0,0.0,0.0007686395080707148,0.0015372790161414297,0.0007686395080707148,0.0,0.0007686395080707148,0.0030745580322828594,0.0030745580322828594,0.0015372790161414297,0.006917755572636433,0.004611837048424289,0.0,0.006149116064565719,0.0007686395080707148,0.005380476556495004,0.005380476556495004,0.003843197540353574,0.0,0.0007686395080707148,0.0,0.0015372790161414297,0.0030745580322828594,0.0015372790161414297,0.0015372790161414297,0.0023059185242121443,0.0023059185242121443,0.0007686395080707148,0.0023059185242121443,0.0,0.0007686395080707148,0.0007686395080707148,0.0,0.0015372790161414297,0.0007686395080707148,0.0,0.01921598770176787,0.0015372790161414297,0.0015372790161414297,0.005380476556495004,0.0007686395080707148,0.003843197540353574,0.0007686395080707148,0.0,0.0,0.0015372790161414297,0.003843197540353574,0.0,0.0015372790161414297,0.0015372790161414297,0.0015372790161414297,0.003843197540353574,0.0007686395080707148,0.003843197540353574,0.006149116064565719,0.0,0.0007686395080707148,0.004611837048424289,0.0007686395080707148,0.0023059185242121443,0.0023059185242121443,0.003843197540353574,0.0023059185242121443,0.0023059185242121443,0.0007686395080707148,0.0007686395080707148,0.0015372790161414297,0.0,0.006149116064565719,0.0,0.0,0.0015372790161414297,0.0015372790161414297,0.010760953112990008,0.0015372790161414297,0.0,0.0023059185242121443,0.0007686395080707148,0.0015372790161414297,0.0023059185242121443,0.0015372790161414297,0.0015372790161414297,0.0007686395080707148,0.0007686395080707148,0.0007686395080707148,0.0007686395080707148,0.0007686395080707148,0.0,0.0007686395080707148,0.0007686395080707148,0.0,0.0015372790161414297,0.0007686395080707148,0.0,0.0007686395080707148,0.0007686395080707148,0.0,0.0,0.003843197540353574,0.0015372790161414297,0.0030745580322828594,0.0023059185242121443,0.0,0.0015372790161414297,0.0,0.0,0.0,0.0030745580322828594,0.0023059185242121443,0.0030745580322828594,0.0023059185242121443,0.0015372790161414297,0.0023059185242121443,0.0,0.0015372790161414297,0.003843197540353574
1804lateDisease4,0.0009174311926605505,0.004128440366972477,0.0022935779816513763,0.0009174311926605505,0.001834862385321101,0.0,0.0022935779816513763,0.0022935779816513763,0.0,0.0,0.0013761467889908258,0.0027522935779816515,0.00045871559633027525,0.003669724770642202,0.0027522935779816515,0.0009174311926605505,0.004128440366972477,0.0009174311926605505,0.0027522935779816515,0.001834862385321101,0.0,0.003211009174311927,0.0027522935779816515,0.0009174311926605505,0.00045871559633027525,0.0,0.001834862385321101,0.0009174311926605505,0.003211009174311927,0.001834862385321101,0.0,0.0022935779816513763,0.001834862385321101,0.003669724770642202,0.00045871559633027525,0.0027522935779816515,0.00045871559633027525,0.003211009174311927,0.0,0.001834862385321101,0.00045871559633027525,0.001834862385321101,0.0,0.001834862385321101,0.00045871559633027525,0.0022935779816513763,0.0027522935779816515,0.0009174311926605505,0.0022935779816513763,0.004128440366972477,0.001834862385321101,0.0009174311926605505,0.0,0.0013761467889908258,0.001834862385321101,0.0022935779816513763,0.0013761467889908258,0.001834862385321101,0.0027522935779816515,0.003669724770642202,0.0013761467889908258,0.0009174311926605505,0.005045871559633028,0.003669724770642202,0.0013761467889908258,0.0013761467889908258,0.00045871559633027525,0.0009174311926605505,0.0013761467889908258,0.0,0.00045871559633027525,0.0,0.004128440366972477,0.001834862385321101,0.0009174311926605505,0.0027522935779816515,0.003211009174311927,0.0013761467889908258,0.0022935779816513763,0.0009174311926605505,0.001834862385321101,0.00045871559633027525,0.0022935779816513763,0.0013761467889908258,0.0013761467889908258,0.001834862385321101,0.0,0.0022935779816513763,0.0027522935779816515,0.0022935779816513763,0.0027522935779816515,0.001834862385321101,0.0,0.0009174311926605505,0.0009174311926605505,0.0027522935779816515,0.0009174311926605505,0.0009174311926605505,0.003211009174311927,0.0009174311926605505,0.003669724770642202,0.0009174311926605505,0.0022935779816513763,0.0013761467889908258,0.00045871559633027525,0.0022935779816513763,0.0027522935779816515,0.00045871559633027525,0.0022935779816513763,0.001834862385321101,0.0009174311926605505,0.0027522935779816515,0.00045871559633027525,0.004128440366972477,0.0013761467889908258,0.001834862385321101,0.0,0.004128440366972477,0.00045871559633027525,0.004128440366972477,0.0027522935779816515,0.003211009174311927,0.0,0.0027522935779816515,0.0045871559633027525,0.0,0.00045871559633027525,0.003211009174311927,0.00045871559633027525,0.0027522935779816515,0.0027522935779816515,0.00045871559633027525,0.003669724770642202,0.005504587155963303,0.0013761467889908258,0.0009174311926605505,0.0022935779816513763,0.001834862385321101,0.0013761467889908258,0.0022935779816513763,0.00045871559633027525,0.0013761467889908258,0.0009174311926605505,0.0022935779816513763,0.001834862385321101,0.0027522935779816515,0.001834862385321101,0.0013761467889908258,0.004128440366972477,0.0022935779816513763,0.0027522935779816515,0.0013761467889908258,0.0022935779816513763,0.0013761467889908258,0.0013761467889908258,0.0022935779816513763,0.001834862385321101,0.0027522935779816515,0.001834862385321101,0.00045871559633027525,0.0027522935779816515,0.0045871559633027525,0.0,0.0027522935779816515,0.003211009174311927,0.001834862385321101,0.003211009174311927,0.0013761467889908258,0.0013761467889908258,0.0022935779816513763,0.005045871559633028,0.0013761467889908258,0.003211009174311927,0.001834862385321101,0.0013761467889908258,0.0027522935779816515,0.003211009174311927,0.00045871559633027525,0.005045871559633028,0.001834862385321101,0.005504587155963303,0.0009174311926605505,0.00045871559633027525,0.0009174311926605505,0.006880733944954129,0.0013761467889908258,0.00045871559633027525,0.0022935779816513763,0.0009174311926605505,0.005504587155963303,0.008256880733944955,0.0045871559633027525,0.0,0.003211009174311927,0.0,0.0027522935779816515,0.0,0.00045871559633027525,0.0022935779816513763,0.0022935779816513763,0.00045871559633027525,0.00045871559633027525,0.0027522935779816515,0.00045871559633027525,0.0022935779816513763,0.00045871559633027525,0.0009174311926605505,0.0022935779816513763,0.00045871559633027525,0.001834862385321101,0.0027522935779816515,0.0009174311926605505,0.00045871559633027525,0.0009174311926605505,0.0027522935779816515,0.0009174311926605505,0.0013761467889908258,0.0022935779816513763,0.0022935779816513763,0.0027522935779816515,0.0027522935779816515,0.00045871559633027525,0.0009174311926605505,0.005504587155963303,0.0013761467889908258,0.00045871559633027525,0.0013761467889908258,0.004128440366972477,0.0,0.001834862385321101,0.003211009174311927,0.006422018348623854,0.0013761467889908258,0.0022935779816513763,0.0,0.0022935779816513763,0.003669724770642202,0.0022935779816513763,0.0,0.003669724770642202,0.0,0.0009174311926605505,0.0013761467889908258,0.00045871559633027525,0.0009174311926605505,0.0022935779816513763,0.0022935779816513763,0.0013761467889908258,0.0013761467889908258,0.001834862385321101,0.0009174311926605505,0.0022935779816513763,0.00045871559633027525,0.00045871559633027525,0.0009174311926605505,0.004128440366972477,0.001834862385321101,0.0022935779816513763,0.0045871559633027525,0.0027522935779816515,0.003669724770642202,0.003669724770642202,0.0,0.0013761467889908258,0.0009174311926605505,0.0,0.004128440366972477,0.0022935779816513763,0.0013761467889908258,0.001834862385321101,0.0045871559633027525,0.0013761467889908258,0.0013761467889908258,0.0013761467889908258,0.0013761467889908258,0.0009174311926605505,0.001834862385321101,0.0022935779816513763,0.0013761467889908258,0.001834862385321101,0.0013761467889908258,0.0045871559633027525,0.003669724770642202,0.003211009174311927,0.0009174311926605505,0.003211009174311927,0.004128440366972477,0.0022935779816513763,0.001834862385321101,0.0022935779816513763,0.0045871559633027525,0.0013761467889908258,0.0013761467889908258,0.0,0.001834862385321101,0.0013761467889908258,0.0022935779816513763,0.0022935779816513763,0.0027522935779816515,0.0022935779816513763,0.0027522935779816515,0.003211009174311927,0.003211009174311927,0.0013761467889908258,0.003669724770642202,0.001834862385321101,0.0022935779816513763,0.0022935779816513763,0.0013761467889908258,0.00045871559633027525,0.0013761467889908258,0.00045871559633027525,0.005045871559633028,0.0045871559633027525,0.004128440366972477,0.0009174311926605505,0.003211009174311927,0.00045871559633027525,0.0,0.003211009174311927,0.00045871559633027525,0.00871559633027523,0.003669724770642202,0.0013761467889908258,0.003211009174311927,0.0022935779816513763,0.003211009174311927,0.0009174311926605505,0.00045871559633027525,0.003669724770642202,0.00045871559633027525,0.0013761467889908258,0.00045871559633027525,0.0013761467889908258,0.0022935779816513763,0.001834862385321101,0.0022935779816513763,0.001834862385321101,0.0022935779816513763,0.0013761467889908258,0.0022935779816513763,0.0022935779816513763,0.001834862385321101,0.001834862385321101,0.0013761467889908258,0.0022935779816513763,0.00045871559633027525,0.00045871559633027525,0.00045871559633027525,0.0022935779816513763,0.003211009174311927,0.003211009174311927,0.0013761467889908258,0.0,0.003211009174311927,0.001834862385321101,0.0013761467889908258,0.0009174311926605505,0.0,0.0027522935779816515,0.001834862385321101,0.003211009174311927,0.0013761467889908258,0.004128440366972477,0.0022935779816513763,0.0013761467889908258,0.001834862385321101,0.0022935779816513763,0.004128440366972477,0.005963302752293578,0.0013761467889908258,0.0,0.0013761467889908258,0.0013761467889908258,0.001834862385321101,0.0013761467889908258,0.0022935779816513763,0.00045871559633027525,0.005045871559633028,0.0022935779816513763,0.0013761467889908258,0.0,0.003211009174311927,0.003669724770642202,0.0009174311926605505,0.0009174311926605505,0.001834862385321101,0.0013761467889908258,0.0022935779816513763,0.001834862385321101,0.003669724770642202,0.005045871559633028,0.0,0.0013761467889908258,0.0,0.004128440366972477,0.0027522935779816515,0.0045871559633027525,0.0013761467889908258,0.0,0.0022935779816513763,0.003669724770642202,0.003669724770642202,0.00045871559633027525,0.0,0.001834862385321101,0.0,0.0009174311926605505,0.001834862385321101,0.0045871559633027525,0.0009174311926605505,0.003211009174311927,0.0,0.0022935779816513763,0.001834862385321101,0.0013761467889908258,0.00045871559633027525,0.001834862385321101,0.0,0.001834862385321101,0.0027522935779816515,0.0009174311926605505,0.003211009174311927,0.0013761467889908258,0.001834862385321101,0.0013761467889908258,0.0009174311926605505,0.0013761467889908258,0.0022935779816513763,0.001834862385321101,0.00045871559633027525,0.0022935779816513763,0.0,0.0009174311926605505,0.003211009174311927,0.0013761467889908258,0.0022935779816513763,0.00045871559633027525,0.003211009174311927,0.005045871559633028,0.0022935779816513763,0.0013761467889908258,0.00045871559633027525,0.001834862385321101,0.0022935779816513763,0.001834862385321101,0.001834862385321101,0.0,0.005504587155963303,0.0022935779816513763,0.0009174311926605505,0.0027522935779816515,0.0022935779816513763,0.0027522935779816515,0.0009174311926605505,0.0013761467889908258,0.00045871559633027525,0.0027522935779816515,0.0,0.0,0.0,0.004128440366972477,0.0022935779816513763,0.005045871559633028,0.0009174311926605505,0.0,0.0022935779816513763,0.001834862385321101,0.001834862385321101,0.00045871559633027525,0.001834862385321101,0.0027522935779816515,0.0,0.003211009174311927,0.0027522935779816515,0.003211009174311927,0.003669724770642202,0.00045871559633027525,0.004128440366972477,0.003669724770642202,0.0013761467889908258,0.0013761467889908258,0.0027522935779816515,0.0009174311926605505,0.0022935779816513763,0.003211009174311927,0.0,0.0009174311926605505,0.003669724770642202,0.003211009174311927,0.001834862385321101,0.0009174311926605505,0.0027522935779816515,0.001834862385321101,0.001834862385321101,0.001834862385321101,0.0009174311926605505,0.001834862385321101,0.004128440366972477,0.0027522935779816515,0.003669724770642202,0.0027522935779816515,0.001834862385321101,0.0009174311926605505,0.0027522935779816515,0.001834862385321101,0.0022935779816513763,0.003211009174311927,0.001834862385321101,0.0,0.0009174311926605505,0.0009174311926605505
1808readyDisease3,0.0015682174594877157,0.0010454783063251437,0.0015682174594877157,0.005227391531625719,0.0010454783063251437,0.004704652378463147,0.0005227391531625719,0.0020909566126502874,0.004181913225300575,0.0010454783063251437,0.004181913225300575,0.0005227391531625719,0.006795608991113434,0.0026136957658128594,0.004181913225300575,0.0036591740721380033,0.0,0.0015682174594877157,0.0036591740721380033,0.0026136957658128594,0.0010454783063251437,0.0015682174594877157,0.0005227391531625719,0.0015682174594877157,0.0015682174594877157,0.004181913225300575,0.0020909566126502874,0.0020909566126502874,0.0026136957658128594,0.0,0.0036591740721380033,0.0,0.0015682174594877157,0.0010454783063251437,0.0015682174594877157,0.0020909566126502874,0.0010454783063251437,0.0031364349189754314,0.0031364349189754314,0.0,0.0,0.0010454783063251437,0.004181913225300575,0.0,0.0036591740721380033,0.0,0.0020909566126502874,0.0,0.0010454783063251437,0.0026136957658128594,0.0,0.0015682174594877157,0.0031364349189754314,0.0031364349189754314,0.0020909566126502874,0.0020909566126502874,0.0015682174594877157,0.0010454783063251437,0.0015682174594877157,0.0031364349189754314,0.0036591740721380033,0.0031364349189754314,0.0010454783063251437,0.0031364349189754314,0.0,0.004181913225300575,0.005227391531625719,0.0005227391531625719,0.0010454783063251437,0.00836382645060115,0.0020909566126502874,0.00575013068478829,0.004181913225300575,0.004704652378463147,0.0,0.0010454783063251437,0.0020909566126502874,0.0031364349189754314,0.0031364349189754314,0.0031364349189754314,0.0020909566126502874,0.0020909566126502874,0.0010454783063251437,0.0026136957658128594,0.0020909566126502874,0.0031364349189754314,0.0036591740721380033,0.0026136957658128594,0.0031364349189754314,0.0031364349189754314,0.0010454783063251437,0.0005227391531625719,0.0031364349189754314,0.0,0.0031364349189754314,0.007318348144276007,0.0026136957658128594,0.0,0.0005227391531625719,0.0020909566126502874,0.0031364349189754314,0.0005227391531625719,0.0015682174594877157,0.0031364349189754314,0.0020909566126502874,0.0005227391531625719,0.0036591740721380033,0.0010454783063251437,0.0010454783063251437,0.005227391531625719,0.0026136957658128594,0.0031364349189754314,0.0005227391531625719,0.0020909566126502874,0.0020909566126502874,0.0010454783063251437,0.005227391531625719,0.0026136957658128594,0.0005227391531625719,0.0005227391531625719,0.0010454783063251437,0.0010454783063251437,0.00836382645060115,0.004704652378463147,0.0010454783063251437,0.0005227391531625719,0.0005227391531625719,0.0031364349189754314,0.0036591740721380033,0.0005227391531625719,0.0005227391531625719,0.004704652378463147,0.0005227391531625719,0.0010454783063251437,0.0020909566126502874,0.0,0.0010454783063251437,0.0020909566126502874,0.0010454783063251437,0.0005227391531625719,0.0010454783063251437,0.0,0.0005227391531625719,0.0020909566126502874,0.004181913225300575,0.0010454783063251437,0.0015682174594877157,0.0005227391531625719,0.0020909566126502874,0.0010454783063251437,0.0015682174594877157,0.0,0.0,0.0026136957658128594,0.0031364349189754314,0.0015682174594877157,0.0026136957658128594,0.0020909566126502874,0.0010454783063251437,0.0010454783063251437,0.0010454783063251437,0.0010454783063251437,0.0036591740721380033,0.0010454783063251437,0.0010454783063251437,0.0,0.0005227391531625719,0.0010454783063251437,0.0,0.0,0.0005227391531625719,0.0026136957658128594,0.0005227391531625719,0.0015682174594877157,0.0031364349189754314,0.0010454783063251437,0.0020909566126502874,0.0010454783063251437,0.0026136957658128594,0.0005227391531625719,0.0005227391531625719,0.0005227391531625719,0.0005227391531625719,0.0020909566126502874,0.0005227391531625719,0.0015682174594877157,0.0010454783063251437,0.0020909566126502874,0.0015682174594877157,0.0005227391531625719,0.00575013068478829,0.0005227391531625719,0.0005227391531625719,0.0005227391531625719,0.0,0.0020909566126502874,0.0026136957658128594,0.0,0.0,0.0005227391531625719,0.0020909566126502874,0.0036591740721380033,0.0010454783063251437,0.0015682174594877157,0.0,0.0026136957658128594,0.0005227391531625719,0.0015682174594877157,0.0031364349189754314,0.0026136957658128594,0.0031364349189754314,0.0020909566126502874,0.0010454783063251437,0.0036591740721380033,0.005227391531625719,0.0005227391531625719,0.0,0.0010454783063251437,0.0010454783063251437,0.0015682174594877157,0.0015682174594877157,0.0,0.0015682174594877157,0.0005227391531625719,0.0010454783063251437,0.0026136957658128594,0.0005227391531625719,0.0010454783063251437,0.00836382645060115,0.0020909566126502874,0.0020909566126502874,0.0036591740721380033,0.0005227391531625719,0.0020909566126502874,0.004704652378463147,0.0020909566126502874,0.0026136957658128594,0.0036591740721380033,0.005227391531625719,0.0015682174594877157,0.0031364349189754314,0.004181913225300575,0.0026136957658128594,0.0,0.0036591740721380033,0.0010454783063251437,0.0020909566126502874,0.0010454783063251437,0.0010454783063251437,0.0020909566126502874,0.0026136957658128594,0.0015682174594877157,0.0010454783063251437,0.0015682174594877157,0.007841087297438577,0.0015682174594877157,0.0010454783063251437,0.0015682174594877157,0.0005227391531625719,0.0010454783063251437,0.0036591740721380033,0.0036591740721380033,0.0026136957658128594,0.0010454783063251437,0.0026136957658128594,0.0005227391531625719,0.0020909566126502874,0.0031364349189754314,0.0010454783063251437,0.0015682174594877157,0.0026136957658128594,0.0,0.0020909566126502874,0.0026136957658128594,0.0010454783063251437,0.0015682174594877157,0.0010454783063251437,0.0005227391531625719,0.0020909566126502874,0.0,0.0010454783063251437,0.0036591740721380033,0.0026136957658128594,0.0020909566126502874,0.0005227391531625719,0.0015682174594877157,0.0026136957658128594,0.0005227391531625719,0.0020909566126502874,0.0005227391531625719,0.0026136957658128594,0.0036591740721380033,0.0015682174594877157,0.00575013068478829,0.0026136957658128594,0.0005227391531625719,0.0005227391531625719,0.0010454783063251437,0.0010454783063251437,0.0,0.0005227391531625719,0.0015682174594877157,0.0020909566126502874,0.0031364349189754314,0.0020909566126502874,0.0020909566126502874,0.0015682174594877157,0.00575013068478829,0.0015682174594877157,0.0005227391531625719,0.0031364349189754314,0.0036591740721380033,0.0020909566126502874,0.00575013068478829,0.0015682174594877157,0.0020909566126502874,0.0,0.0015682174594877157,0.005227391531625719,0.0015682174594877157,0.0010454783063251437,0.0020909566126502874,0.0015682174594877157,0.0005227391531625719,0.0020909566126502874,0.0031364349189754314,0.0015682174594877157,0.0005227391531625719,0.0005227391531625719,0.0020909566126502874,0.0020909566126502874,0.0010454783063251437,0.0010454783063251437,0.0,0.0,0.0005227391531625719,0.0020909566126502874,0.0010454783063251437,0.0015682174594877157,0.0,0.0005227391531625719,0.0031364349189754314,0.0010454783063251437,0.0015682174594877157,0.0020909566126502874,0.0,0.0005227391531625719,0.0010454783063251437,0.00575013068478829,0.0005227391531625719,0.0036591740721380033,0.0,0.0005227391531625719,0.005227391531625719,0.006272869837950863,0.0031364349189754314,0.0020909566126502874,0.0020909566126502874,0.006795608991113434,0.0010454783063251437,0.0015682174594877157,0.0,0.0,0.0010454783063251437,0.0020909566126502874,0.0031364349189754314,0.0005227391531625719,0.0010454783063251437,0.0031364349189754314,0.0020909566126502874,0.0005227391531625719,0.0005227391531625719,0.0015682174594877157,0.0020909566126502874,0.0,0.0020909566126502874,0.0026136957658128594,0.0,0.0,0.0010454783063251437,0.0031364349189754314,0.0015682174594877157,0.0010454783063251437,0.0026136957658128594,0.0010454783063251437,0.0015682174594877157,0.0026136957658128594,0.0005227391531625719,0.0026136957658128594,0.0026136957658128594,0.004181913225300575,0.0020909566126502874,0.00575013068478829,0.0005227391531625719,0.004181913225300575,0.0010454783063251437,0.0005227391531625719,0.005227391531625719,0.0010454783063251437,0.0036591740721380033,0.0020909566126502874,0.0015682174594877157,0.0015682174594877157,0.0005227391531625719,0.004181913225300575,0.0015682174594877157,0.0036591740721380033,0.0005227391531625719,0.0005227391531625719,0.00575013068478829,0.0020909566126502874,0.004181913225300575,0.004704652378463147,0.0026136957658128594,0.0,0.0036591740721380033,0.0020909566126502874,0.0010454783063251437,0.00575013068478829,0.0020909566126502874,0.0015682174594877157,0.0015682174594877157,0.0020909566126502874,0.0005227391531625719,0.0015682174594877157,0.0,0.0026136957658128594,0.0005227391531625719,0.004181913225300575,0.0031364349189754314,0.0,0.0005227391531625719,0.00575013068478829,0.0015682174594877157,0.0026136957658128594,0.0020909566126502874,0.0015682174594877157,0.0026136957658128594,0.0005227391531625719,0.0010454783063251437,0.0010454783063251437,0.0010454783063251437,0.0,0.0005227391531625719,0.0010454783063251437,0.0020909566126502874,0.0015682174594877157,0.00575013068478829,0.0015682174594877157,0.0015682174594877157,0.0005227391531625719,0.0010454783063251437,0.0031364349189754314,0.0010454783063251437,0.0005227391531625719,0.0031364349189754314,0.0005227391531625719,0.0031364349189754314,0.006795608991113434,0.0005227391531625719,0.0015682174594877157,0.0010454783063251437,0.0031364349189754314,0.0036591740721380033,0.004704652378463147,0.0015682174594877157,0.0020909566126502874,0.0010454783063251437,0.0020909566126502874,0.0020909566126502874,0.0010454783063251437,0.0015682174594877157,0.0015682174594877157,0.0036591740721380033,0.0015682174594877157,0.0015682174594877157,0.0026136957658128594,0.0020909566126502874,0.0005227391531625719,0.0026136957658128594,0.0010454783063251437,0.0015682174594877157,0.0031364349189754314,0.0015682174594877157,0.0015682174594877157,0.0,0.0015682174594877157,0.0015682174594877157,0.0005227391531625719,0.0,0.0036591740721380033,0.0020909566126502874,0.0020909566126502874,0.0005227391531625719,0.0031364349189754314,0.004181913225300575,0.0020909566126502874,0.0005227391531625719,0.004181913225300575,0.004181913225300575,0.0010454783063251437,0.0031364349189754314,0.0005227391531625719,0.0005227391531625719,0.0020909566126502874,0.0005227391531625719,0.0020909566126502874,0.0005227391531625719,0.0026136957658128594,0.0020909566126502874,0.0026136957658128594,0.0015682174594877157
1808readyDisease1,0.0019120458891013384,0.0,0.0019120458891013384,0.0019120458891013384,0.0012746972594008922,0.015933715742511154,0.0006373486297004461,0.0031867431485022306,0.0006373486297004461,0.005098789037603569,0.0031867431485022306,0.0012746972594008922,0.0012746972594008922,0.0038240917782026767,0.0012746972594008922,0.0012746972594008922,0.0006373486297004461,0.0012746972594008922,0.0019120458891013384,0.0012746972594008922,0.0,0.0038240917782026767,0.0,0.0019120458891013384,0.0038240917782026767,0.0031867431485022306,0.0012746972594008922,0.0006373486297004461,0.0019120458891013384,0.0006373486297004461,0.0082855321861058,0.0006373486297004461,0.0025493945188017845,0.0012746972594008922,0.0031867431485022306,0.0012746972594008922,0.0019120458891013384,0.0019120458891013384,0.0025493945188017845,0.0006373486297004461,0.0012746972594008922,0.0,0.0025493945188017845,0.0038240917782026767,0.0006373486297004461,0.0019120458891013384,0.0019120458891013384,0.0,0.0,0.0012746972594008922,0.0,0.0019120458891013384,0.006373486297004461,0.0,0.0031867431485022306,0.004461440407903123,0.0012746972594008922,0.0038240917782026767,0.0019120458891013384,0.0019120458891013384,0.0,0.0025493945188017845,0.0012746972594008922,0.0012746972594008922,0.0006373486297004461,0.005098789037603569,0.0,0.0012746972594008922,0.0019120458891013384,0.0057361376673040155,0.0025493945188017845,0.0082855321861058,0.0025493945188017845,0.0006373486297004461,0.0006373486297004461,0.0025493945188017845,0.0025493945188017845,0.0006373486297004461,0.0025493945188017845,0.0038240917782026767,0.0,0.0012746972594008922,0.0012746972594008922,0.0006373486297004461,0.0006373486297004461,0.0,0.006373486297004461,0.0006373486297004461,0.005098789037603569,0.0012746972594008922,0.0038240917782026767,0.0006373486297004461,0.0025493945188017845,0.0006373486297004461,0.0006373486297004461,0.0006373486297004461,0.0012746972594008922,0.0006373486297004461,0.0,0.0025493945188017845,0.0012746972594008922,0.0,0.0019120458891013384,0.0012746972594008922,0.0,0.0006373486297004461,0.0038240917782026767,0.0012746972594008922,0.0012746972594008922,0.006373486297004461,0.0012746972594008922,0.0038240917782026767,0.0006373486297004461,0.0006373486297004461,0.004461440407903123,0.0038240917782026767,0.006373486297004461,0.004461440407903123,0.0,0.0,0.0025493945188017845,0.0031867431485022306,0.0082855321861058,0.006373486297004461,0.0006373486297004461,0.0006373486297004461,0.0012746972594008922,0.0019120458891013384,0.0012746972594008922,0.0006373486297004461,0.0,0.0019120458891013384,0.0,0.0025493945188017845,0.0025493945188017845,0.0006373486297004461,0.0025493945188017845,0.0019120458891013384,0.0019120458891013384,0.0019120458891013384,0.0,0.0006373486297004461,0.0006373486297004461,0.005098789037603569,0.0012746972594008922,0.0006373486297004461,0.0,0.0,0.0019120458891013384,0.0012746972594008922,0.0012746972594008922,0.0006373486297004461,0.0019120458891013384,0.0019120458891013384,0.0012746972594008922,0.0031867431485022306,0.0025493945188017845,0.0012746972594008922,0.0019120458891013384,0.0019120458891013384,0.0038240917782026767,0.0025493945188017845,0.0057361376673040155,0.0012746972594008922,0.0019120458891013384,0.0019120458891013384,0.0006373486297004461,0.0006373486297004461,0.0006373486297004461,0.0019120458891013384,0.0,0.0006373486297004461,0.0006373486297004461,0.0006373486297004461,0.0006373486297004461,0.0025493945188017845,0.0025493945188017845,0.0006373486297004461,0.0031867431485022306,0.0031867431485022306,0.0,0.0006373486297004461,0.0,0.0,0.0012746972594008922,0.0031867431485022306,0.0019120458891013384,0.004461440407903123,0.0019120458891013384,0.0025493945188017845,0.009560229445506692,0.004461440407903123,0.0,0.0,0.0006373486297004461,0.0006373486297004461,0.0,0.0,0.0,0.0038240917782026767,0.0025493945188017845,0.0006373486297004461,0.0012746972594008922,0.0012746972594008922,0.0,0.0019120458891013384,0.0012746972594008922,0.0,0.0,0.0012746972594008922,0.0025493945188017845,0.0031867431485022306,0.0025493945188017845,0.0,0.0006373486297004461,0.0,0.0012746972594008922,0.0,0.0019120458891013384,0.0006373486297004461,0.0031867431485022306,0.0012746972594008922,0.0031867431485022306,0.0019120458891013384,0.0019120458891013384,0.0031867431485022306,0.0,0.0006373486297004461,0.007010834926704908,0.0006373486297004461,0.0012746972594008922,0.004461440407903123,0.0006373486297004461,0.0012746972594008922,0.010834926704907584,0.0006373486297004461,0.0006373486297004461,0.0012746972594008922,0.004461440407903123,0.0025493945188017845,0.0082855321861058,0.0,0.0019120458891013384,0.0,0.0006373486297004461,0.0012746972594008922,0.004461440407903123,0.0038240917782026767,0.0,0.0,0.0025493945188017845,0.0012746972594008922,0.0,0.0006373486297004461,0.0031867431485022306,0.0038240917782026767,0.0,0.0,0.0006373486297004461,0.0,0.0025493945188017845,0.0038240917782026767,0.0019120458891013384,0.0025493945188017845,0.0,0.0025493945188017845,0.0012746972594008922,0.0,0.0006373486297004461,0.0,0.0031867431485022306,0.0076481835564053535,0.0006373486297004461,0.005098789037603569,0.0,0.0031867431485022306,0.0025493945188017845,0.0006373486297004461,0.0,0.0006373486297004461,0.0019120458891013384,0.005098789037603569,0.0006373486297004461,0.0006373486297004461,0.0006373486297004461,0.005098789037603569,0.0038240917782026767,0.0006373486297004461,0.0019120458891013384,0.0019120458891013384,0.0019120458891013384,0.0006373486297004461,0.0006373486297004461,0.005098789037603569,0.0006373486297004461,0.0025493945188017845,0.0,0.007010834926704908,0.0025493945188017845,0.0,0.0,0.0006373486297004461,0.0076481835564053535,0.0057361376673040155,0.0038240917782026767,0.0012746972594008922,0.0012746972594008922,0.006373486297004461,0.0019120458891013384,0.0019120458891013384,0.0019120458891013384,0.0006373486297004461,0.0038240917782026767,0.0,0.004461440407903123,0.0012746972594008922,0.0038240917782026767,0.0031867431485022306,0.0038240917782026767,0.004461440407903123,0.0,0.0025493945188017845,0.0019120458891013384,0.0006373486297004461,0.0012746972594008922,0.0006373486297004461,0.0012746972594008922,0.0,0.0,0.0006373486297004461,0.0,0.0019120458891013384,0.0012746972594008922,0.0006373486297004461,0.0025493945188017845,0.0031867431485022306,0.0025493945188017845,0.0012746972594008922,0.0012746972594008922,0.0012746972594008922,0.0,0.0057361376673040155,0.0025493945188017845,0.0012746972594008922,0.0025493945188017845,0.0,0.0012746972594008922,0.0,0.0031867431485022306,0.0006373486297004461,0.0019120458891013384,0.0,0.0012746972594008922,0.009560229445506692,0.0057361376673040155,0.0,0.0025493945188017845,0.0,0.0012746972594008922,0.0038240917782026767,0.0012746972594008922,0.0006373486297004461,0.0006373486297004461,0.0038240917782026767,0.0019120458891013384,0.0025493945188017845,0.0019120458891013384,0.0025493945188017845,0.0,0.0019120458891013384,0.0006373486297004461,0.0,0.0031867431485022306,0.004461440407903123,0.0006373486297004461,0.0012746972594008922,0.0038240917782026767,0.0006373486297004461,0.0,0.0012746972594008922,0.0031867431485022306,0.0019120458891013384,0.0006373486297004461,0.0019120458891013384,0.0019120458891013384,0.0006373486297004461,0.0025493945188017845,0.0006373486297004461,0.0019120458891013384,0.0025493945188017845,0.0006373486297004461,0.0012746972594008922,0.0057361376673040155,0.0019120458891013384,0.0038240917782026767,0.008922880815806247,0.0012746972594008922,0.0038240917782026767,0.0038240917782026767,0.0019120458891013384,0.0038240917782026767,0.0006373486297004461,0.0012746972594008922,0.0012746972594008922,0.0038240917782026767,0.0,0.0031867431485022306,0.0031867431485022306,0.0,0.0006373486297004461,0.0031867431485022306,0.0038240917782026767,0.0082855321861058,0.0019120458891013384,0.0,0.0019120458891013384,0.0012746972594008922,0.0,0.004461440407903123,0.0012746972594008922,0.0012746972594008922,0.0012746972594008922,0.0012746972594008922,0.0,0.0012746972594008922,0.0,0.0019120458891013384,0.0012746972594008922,0.0006373486297004461,0.0012746972594008922,0.0006373486297004461,0.0012746972594008922,0.0057361376673040155,0.0019120458891013384,0.004461440407903123,0.0025493945188017845,0.0012746972594008922,0.0025493945188017845,0.0012746972594008922,0.0038240917782026767,0.0012746972594008922,0.0019120458891013384,0.0012746972594008922,0.0,0.0012746972594008922,0.0012746972594008922,0.0019120458891013384,0.007010834926704908,0.0038240917782026767,0.0006373486297004461,0.0,0.0,0.004461440407903123,0.005098789037603569,0.0006373486297004461,0.0006373486297004461,0.0006373486297004461,0.0038240917782026767,0.0012746972594008922,0.0006373486297004461,0.0012746972594008922,0.0,0.0019120458891013384,0.0012746972594008922,0.0025493945188017845,0.0019120458891013384,0.004461440407903123,0.0012746972594008922,0.0019120458891013384,0.0006373486297004461,0.0006373486297004461,0.0006373486297004461,0.0012746972594008922,0.0006373486297004461,0.0025493945188017845,0.004461440407903123,0.0019120458891013384,0.0031867431485022306,0.0025493945188017845,0.0012746972594008922,0.0006373486297004461,0.0012746972594008922,0.0038240917782026767,0.0006373486297004461,0.0012746972594008922,0.0006373486297004461,0.0019120458891013384,0.0025493945188017845,0.0,0.0006373486297004461,0.0,0.0031867431485022306,0.0006373486297004461,0.0006373486297004461,0.0025493945188017845,0.0006373486297004461,0.0012746972594008922,0.0,0.004461440407903123,0.0038240917782026767,0.0,0.0006373486297004461,0.0025493945188017845,0.0012746972594008922,0.0057361376673040155,0.0031867431485022306,0.0019120458891013384,0.0025493945188017845,0.0019120458891013384,0.0019120458891013384,0.0012746972594008922,0.0012746972594008922
1803lateDisease2,0.0015026296018031556,0.002253944402704733,0.0007513148009015778,0.002629601803155522,0.0011269722013523666,0.0,0.004132231404958678,0.0011269722013523666,0.003005259203606311,0.0,0.003005259203606311,0.0015026296018031556,0.003005259203606311,0.0033809166040570998,0.002253944402704733,0.0003756574004507889,0.003756574004507889,0.0003756574004507889,0.0,0.002629601803155522,0.0015026296018031556,0.0011269722013523666,0.0011269722013523666,0.002629601803155522,0.0003756574004507889,0.0,0.0015026296018031556,0.0033809166040570998,0.0033809166040570998,0.0007513148009015778,0.0,0.0018782870022539444,0.006010518407212622,0.003005259203606311,0.0011269722013523666,0.002253944402704733,0.0011269722013523666,0.0015026296018031556,0.0007513148009015778,0.0011269722013523666,0.0015026296018031556,0.0033809166040570998,0.0,0.002253944402704733,0.002629601803155522,0.0033809166040570998,0.002253944402704733,0.0003756574004507889,0.0011269722013523666,0.003005259203606311,0.0033809166040570998,0.0015026296018031556,0.0,0.0018782870022539444,0.004132231404958678,0.0011269722013523666,0.0018782870022539444,0.002253944402704733,0.002253944402704733,0.0007513148009015778,0.0003756574004507889,0.0033809166040570998,0.002253944402704733,0.002629601803155522,0.003756574004507889,0.0018782870022539444,0.003005259203606311,0.0018782870022539444,0.0007513148009015778,0.0,0.0011269722013523666,0.0003756574004507889,0.002629601803155522,0.0018782870022539444,0.0011269722013523666,0.0007513148009015778,0.0011269722013523666,0.0018782870022539444,0.0018782870022539444,0.002253944402704733,0.0015026296018031556,0.0033809166040570998,0.0007513148009015778,0.002253944402704733,0.0007513148009015778,0.002253944402704733,0.0,0.002253944402704733,0.0033809166040570998,0.0018782870022539444,0.0015026296018031556,0.002253944402704733,0.0007513148009015778,0.0018782870022539444,0.002629601803155522,0.002253944402704733,0.002629601803155522,0.0007513148009015778,0.0015026296018031556,0.0018782870022539444,0.002253944402704733,0.0007513148009015778,0.002253944402704733,0.0033809166040570998,0.0003756574004507889,0.0015026296018031556,0.0015026296018031556,0.0007513148009015778,0.003005259203606311,0.003005259203606311,0.0018782870022539444,0.0011269722013523666,0.0018782870022539444,0.0033809166040570998,0.004132231404958678,0.002629601803155522,0.0003756574004507889,0.002253944402704733,0.0011269722013523666,0.002629601803155522,0.0011269722013523666,0.003756574004507889,0.0,0.005259203606311044,0.0011269722013523666,0.0003756574004507889,0.0015026296018031556,0.004132231404958678,0.0015026296018031556,0.0011269722013523666,0.005259203606311044,0.0,0.002629601803155522,0.0015026296018031556,0.0018782870022539444,0.0007513148009015778,0.0015026296018031556,0.004132231404958678,0.0015026296018031556,0.0015026296018031556,0.0,0.0033809166040570998,0.0015026296018031556,0.003005259203606311,0.0003756574004507889,0.0007513148009015778,0.0007513148009015778,0.0007513148009015778,0.0015026296018031556,0.0015026296018031556,0.0011269722013523666,0.0011269722013523666,0.0011269722013523666,0.004132231404958678,0.002253944402704733,0.0018782870022539444,0.0015026296018031556,0.0015026296018031556,0.0011269722013523666,0.0011269722013523666,0.0011269722013523666,0.0018782870022539444,0.0,0.002629601803155522,0.002253944402704733,0.0033809166040570998,0.003756574004507889,0.0011269722013523666,0.0011269722013523666,0.0011269722013523666,0.003005259203606311,0.0015026296018031556,0.005259203606311044,0.0015026296018031556,0.0018782870022539444,0.0011269722013523666,0.0007513148009015778,0.002629601803155522,0.005259203606311044,0.002629601803155522,0.010518407212622089,0.003005259203606311,0.0007513148009015778,0.0018782870022539444,0.0007513148009015778,0.003756574004507889,0.003005259203606311,0.002253944402704733,0.0015026296018031556,0.003005259203606311,0.002629601803155522,0.002629601803155522,0.0007513148009015778,0.006386175807663411,0.0015026296018031556,0.0033809166040570998,0.0003756574004507889,0.0015026296018031556,0.002629601803155522,0.0018782870022539444,0.0011269722013523666,0.0007513148009015778,0.0007513148009015778,0.0003756574004507889,0.0011269722013523666,0.0018782870022539444,0.0011269722013523666,0.0015026296018031556,0.0018782870022539444,0.002629601803155522,0.0018782870022539444,0.0033809166040570998,0.004507888805409466,0.002629601803155522,0.0015026296018031556,0.002253944402704733,0.004132231404958678,0.0011269722013523666,0.0018782870022539444,0.002629601803155522,0.002629601803155522,0.0018782870022539444,0.0007513148009015778,0.002629601803155522,0.0003756574004507889,0.0011269722013523666,0.0018782870022539444,0.003005259203606311,0.0003756574004507889,0.0015026296018031556,0.0007513148009015778,0.003756574004507889,0.005634861006761833,0.0018782870022539444,0.0,0.0003756574004507889,0.0015026296018031556,0.0015026296018031556,0.0,0.0015026296018031556,0.0,0.002629601803155522,0.0015026296018031556,0.002253944402704733,0.0007513148009015778,0.0011269722013523666,0.0015026296018031556,0.0011269722013523666,0.0011269722013523666,0.0018782870022539444,0.002253944402704733,0.002629601803155522,0.0011269722013523666,0.0018782870022539444,0.003005259203606311,0.0033809166040570998,0.002253944402704733,0.0015026296018031556,0.002629601803155522,0.002253944402704733,0.0018782870022539444,0.0018782870022539444,0.0,0.004132231404958678,0.0018782870022539444,0.0003756574004507889,0.0011269722013523666,0.003005259203606311,0.0018782870022539444,0.0011269722013523666,0.0033809166040570998,0.003756574004507889,0.0015026296018031556,0.0007513148009015778,0.0011269722013523666,0.0011269722013523666,0.003005259203606311,0.0007513148009015778,0.0011269722013523666,0.0033809166040570998,0.003756574004507889,0.0018782870022539444,0.0015026296018031556,0.002253944402704733,0.0011269722013523666,0.002629601803155522,0.0011269722013523666,0.0011269722013523666,0.003005259203606311,0.0011269722013523666,0.0007513148009015778,0.0015026296018031556,0.0018782870022539444,0.0,0.002253944402704733,0.0003756574004507889,0.002629601803155522,0.0011269722013523666,0.0018782870022539444,0.002629601803155522,0.0033809166040570998,0.0011269722013523666,0.0018782870022539444,0.0003756574004507889,0.002253944402704733,0.002253944402704733,0.0003756574004507889,0.0007513148009015778,0.0018782870022539444,0.0018782870022539444,0.0018782870022539444,0.0015026296018031556,0.003005259203606311,0.0007513148009015778,0.0011269722013523666,0.0018782870022539444,0.0018782870022539444,0.002629601803155522,0.0,0.004132231404958678,0.002629601803155522,0.0015026296018031556,0.004132231404958678,0.0015026296018031556,0.003005259203606311,0.0003756574004507889,0.0018782870022539444,0.0011269722013523666,0.003756574004507889,0.0033809166040570998,0.0007513148009015778,0.003005259203606311,0.0003756574004507889,0.0015026296018031556,0.0007513148009015778,0.0003756574004507889,0.0018782870022539444,0.0,0.003005259203606311,0.0011269722013523666,0.003005259203606311,0.003005259203606311,0.002629601803155522,0.0018782870022539444,0.0015026296018031556,0.004507888805409466,0.002629601803155522,0.0007513148009015778,0.002629601803155522,0.003005259203606311,0.003005259203606311,0.0018782870022539444,0.0015026296018031556,0.0,0.0011269722013523666,0.0015026296018031556,0.0033809166040570998,0.002629601803155522,0.0007513148009015778,0.0015026296018031556,0.0007513148009015778,0.0033809166040570998,0.003005259203606311,0.005259203606311044,0.002253944402704733,0.0007513148009015778,0.002629601803155522,0.003005259203606311,0.0018782870022539444,0.0033809166040570998,0.004883546205860256,0.0007513148009015778,0.003005259203606311,0.003005259203606311,0.002253944402704733,0.0003756574004507889,0.003756574004507889,0.0011269722013523666,0.0033809166040570998,0.0011269722013523666,0.003005259203606311,0.0007513148009015778,0.003756574004507889,0.0033809166040570998,0.0003756574004507889,0.0018782870022539444,0.0018782870022539444,0.002253944402704733,0.002629601803155522,0.004883546205860256,0.0007513148009015778,0.004507888805409466,0.0,0.0015026296018031556,0.0,0.002629601803155522,0.003005259203606311,0.002629601803155522,0.0011269722013523666,0.0003756574004507889,0.004507888805409466,0.005259203606311044,0.0011269722013523666,0.002253944402704733,0.0,0.0007513148009015778,0.0,0.0007513148009015778,0.002629601803155522,0.003005259203606311,0.0011269722013523666,0.002253944402704733,0.0003756574004507889,0.0015026296018031556,0.0015026296018031556,0.0011269722013523666,0.0015026296018031556,0.0018782870022539444,0.0,0.003005259203606311,0.0015026296018031556,0.0015026296018031556,0.0018782870022539444,0.0018782870022539444,0.0007513148009015778,0.002253944402704733,0.0033809166040570998,0.0011269722013523666,0.0011269722013523666,0.0007513148009015778,0.0003756574004507889,0.002253944402704733,0.0,0.002253944402704733,0.004507888805409466,0.0015026296018031556,0.0018782870022539444,0.0018782870022539444,0.002629601803155522,0.002629601803155522,0.0011269722013523666,0.0018782870022539444,0.0003756574004507889,0.0033809166040570998,0.002629601803155522,0.0015026296018031556,0.003756574004507889,0.0,0.0018782870022539444,0.0007513148009015778,0.0011269722013523666,0.003005259203606311,0.002629601803155522,0.0011269722013523666,0.0015026296018031556,0.002253944402704733,0.002629601803155522,0.0015026296018031556,0.0,0.004507888805409466,0.0003756574004507889,0.003756574004507889,0.002629601803155522,0.002253944402704733,0.0018782870022539444,0.004883546205860256,0.0003756574004507889,0.0007513148009015778,0.004132231404958678,0.0015026296018031556,0.0011269722013523666,0.003005259203606311,0.0003756574004507889,0.0033809166040570998,0.0018782870022539444,0.004132231404958678,0.0011269722013523666,0.002253944402704733,0.002253944402704733,0.002629601803155522,0.002629601803155522,0.003005259203606311,0.003756574004507889,0.0018782870022539444,0.002629601803155522,0.0033809166040570998,0.0007513148009015778,0.0007513148009015778,0.0018782870022539444,0.004132231404958678,0.002253944402704733,0.0015026296018031556,0.0018782870022539444,0.0018782870022539444,0.002629601803155522,0.002253944402704733,0.0,0.0007513148009015778,0.003005259203606311,0.004883546205860256,0.005259203606311044,0.0,0.002253944402704733,0.0018782870022539444,0.002253944402704733,0.0011269722013523666,0.0015026296018031556,0.004132231404958678,0.0011269722013523666,0.0,0.0018782870022539444,0.003005259203606311
1804lateDisease6,0.0009115770282588879,0.0018231540565177757,0.0009115770282588879,0.0009115770282588879,0.0009115770282588879,0.0,0.0027347310847766638,0.0022789425706472195,0.0009115770282588879,0.0,0.004102096627164996,0.0018231540565177757,0.0009115770282588879,0.0036463081130355514,0.0036463081130355514,0.0009115770282588879,0.0022789425706472195,0.00045578851412944393,0.0018231540565177757,0.0018231540565177757,0.0009115770282588879,0.0018231540565177757,0.0022789425706472195,0.0013673655423883319,0.0,0.0,0.0013673655423883319,0.0009115770282588879,0.0022789425706472195,0.0013673655423883319,0.0,0.0009115770282588879,0.006381039197812215,0.0018231540565177757,0.00045578851412944393,0.0036463081130355514,0.0009115770282588879,0.0036463081130355514,0.0009115770282588879,0.0018231540565177757,0.00045578851412944393,0.0022789425706472195,0.0,0.004102096627164996,0.0013673655423883319,0.0022789425706472195,0.0018231540565177757,0.0009115770282588879,0.0013673655423883319,0.0022789425706472195,0.0036463081130355514,0.0009115770282588879,0.0,0.00045578851412944393,0.0013673655423883319,0.0009115770282588879,0.0013673655423883319,0.0031905195989061076,0.0013673655423883319,0.0013673655423883319,0.0,0.0018231540565177757,0.0013673655423883319,0.0018231540565177757,0.0031905195989061076,0.0027347310847766638,0.0013673655423883319,0.0,0.00045578851412944393,0.0009115770282588879,0.00045578851412944393,0.0,0.004102096627164996,0.0018231540565177757,0.00045578851412944393,0.00045578851412944393,0.0022789425706472195,0.0009115770282588879,0.0031905195989061076,0.0013673655423883319,0.0013673655423883319,0.0027347310847766638,0.00045578851412944393,0.0013673655423883319,0.0009115770282588879,0.0036463081130355514,0.00045578851412944393,0.0036463081130355514,0.0009115770282588879,0.0031905195989061076,0.00045578851412944393,0.0018231540565177757,0.0,0.0027347310847766638,0.0031905195989061076,0.00045578851412944393,0.0009115770282588879,0.0013673655423883319,0.0022789425706472195,0.0031905195989061076,0.0018231540565177757,0.00045578851412944393,0.0013673655423883319,0.0009115770282588879,0.00045578851412944393,0.0022789425706472195,0.0022789425706472195,0.0,0.0022789425706472195,0.0009115770282588879,0.0013673655423883319,0.0022789425706472195,0.0027347310847766638,0.0031905195989061076,0.0018231540565177757,0.0013673655423883319,0.0,0.0009115770282588879,0.0009115770282588879,0.00045578851412944393,0.0027347310847766638,0.0036463081130355514,0.0,0.0009115770282588879,0.0022789425706472195,0.0,0.0018231540565177757,0.0031905195989061076,0.0013673655423883319,0.004102096627164996,0.0022789425706472195,0.0,0.004557885141294439,0.004102096627164996,0.00045578851412944393,0.0013673655423883319,0.0022789425706472195,0.0018231540565177757,0.00045578851412944393,0.0018231540565177757,0.0009115770282588879,0.0009115770282588879,0.0018231540565177757,0.0022789425706472195,0.0018231540565177757,0.00045578851412944393,0.0027347310847766638,0.0027347310847766638,0.0018231540565177757,0.0027347310847766638,0.0036463081130355514,0.0018231540565177757,0.0022789425706472195,0.0018231540565177757,0.0022789425706472195,0.0013673655423883319,0.0022789425706472195,0.0018231540565177757,0.0022789425706472195,0.00045578851412944393,0.0036463081130355514,0.005013673655423883,0.0,0.004102096627164996,0.0031905195989061076,0.0009115770282588879,0.004557885141294439,0.00045578851412944393,0.0,0.004557885141294439,0.0054694621695533276,0.0018231540565177757,0.0031905195989061076,0.0009115770282588879,0.0018231540565177757,0.00045578851412944393,0.0027347310847766638,0.0013673655423883319,0.005013673655423883,0.0013673655423883319,0.008204193254329991,0.0018231540565177757,0.0,0.0,0.0036463081130355514,0.0036463081130355514,0.0009115770282588879,0.0036463081130355514,0.0013673655423883319,0.008204193254329991,0.008659981768459436,0.0009115770282588879,0.0,0.0036463081130355514,0.0013673655423883319,0.0018231540565177757,0.0018231540565177757,0.0009115770282588879,0.0018231540565177757,0.0027347310847766638,0.0018231540565177757,0.0009115770282588879,0.0,0.00045578851412944393,0.0022789425706472195,0.0018231540565177757,0.0031905195989061076,0.0018231540565177757,0.0013673655423883319,0.0031905195989061076,0.007292616226071103,0.00045578851412944393,0.0009115770282588879,0.0022789425706472195,0.0022789425706472195,0.0013673655423883319,0.0018231540565177757,0.0018231540565177757,0.0013673655423883319,0.0013673655423883319,0.0027347310847766638,0.0027347310847766638,0.0013673655423883319,0.004102096627164996,0.0013673655423883319,0.0013673655423883319,0.0031905195989061076,0.0027347310847766638,0.00045578851412944393,0.0027347310847766638,0.0,0.0018231540565177757,0.0022789425706472195,0.0018231540565177757,0.0,0.0027347310847766638,0.0018231540565177757,0.0009115770282588879,0.0,0.0027347310847766638,0.0,0.0027347310847766638,0.0027347310847766638,0.0031905195989061076,0.00045578851412944393,0.0018231540565177757,0.0027347310847766638,0.0022789425706472195,0.0013673655423883319,0.0018231540565177757,0.0009115770282588879,0.0068368277119416595,0.0013673655423883319,0.0022789425706472195,0.005013673655423883,0.0031905195989061076,0.0018231540565177757,0.0009115770282588879,0.0009115770282588879,0.0036463081130355514,0.0031905195989061076,0.0018231540565177757,0.0,0.0018231540565177757,0.00045578851412944393,0.00045578851412944393,0.0018231540565177757,0.0018231540565177757,0.0018231540565177757,0.0009115770282588879,0.00045578851412944393,0.0013673655423883319,0.0022789425706472195,0.0013673655423883319,0.004102096627164996,0.0009115770282588879,0.0009115770282588879,0.0013673655423883319,0.0009115770282588879,0.006381039197812215,0.0018231540565177757,0.004557885141294439,0.0013673655423883319,0.0009115770282588879,0.0013673655423883319,0.0013673655423883319,0.0036463081130355514,0.0054694621695533276,0.0022789425706472195,0.00045578851412944393,0.0068368277119416595,0.0022789425706472195,0.0013673655423883319,0.00045578851412944393,0.0009115770282588879,0.0013673655423883319,0.0036463081130355514,0.0018231540565177757,0.0022789425706472195,0.0036463081130355514,0.0018231540565177757,0.0013673655423883319,0.0013673655423883319,0.0018231540565177757,0.0018231540565177757,0.0022789425706472195,0.00045578851412944393,0.0022789425706472195,0.0018231540565177757,0.00045578851412944393,0.0013673655423883319,0.0018231540565177757,0.0036463081130355514,0.0027347310847766638,0.0013673655423883319,0.0,0.0027347310847766638,0.0013673655423883319,0.0009115770282588879,0.0018231540565177757,0.0009115770282588879,0.0031905195989061076,0.00045578851412944393,0.00045578851412944393,0.0027347310847766638,0.00045578851412944393,0.0018231540565177757,0.0009115770282588879,0.0013673655423883319,0.0027347310847766638,0.0,0.004557885141294439,0.00045578851412944393,0.0027347310847766638,0.0018231540565177757,0.0009115770282588879,0.0022789425706472195,0.0027347310847766638,0.0031905195989061076,0.0027347310847766638,0.0031905195989061076,0.0018231540565177757,0.0022789425706472195,0.00045578851412944393,0.0013673655423883319,0.0027347310847766638,0.0013673655423883319,0.0031905195989061076,0.0027347310847766638,0.0027347310847766638,0.0018231540565177757,0.0031905195989061076,0.0018231540565177757,0.0,0.0013673655423883319,0.0018231540565177757,0.0013673655423883319,0.0022789425706472195,0.0027347310847766638,0.00045578851412944393,0.0018231540565177757,0.0018231540565177757,0.0022789425706472195,0.0027347310847766638,0.0022789425706472195,0.0009115770282588879,0.0009115770282588879,0.0018231540565177757,0.00045578851412944393,0.004557885141294439,0.0018231540565177757,0.0009115770282588879,0.0018231540565177757,0.0018231540565177757,0.0036463081130355514,0.0018231540565177757,0.004102096627164996,0.0022789425706472195,0.0022789425706472195,0.005013673655423883,0.0027347310847766638,0.0013673655423883319,0.0031905195989061076,0.0018231540565177757,0.0009115770282588879,0.0013673655423883319,0.0018231540565177757,0.004102096627164996,0.0018231540565177757,0.0031905195989061076,0.0022789425706472195,0.0031905195989061076,0.00045578851412944393,0.0018231540565177757,0.0,0.0027347310847766638,0.0036463081130355514,0.0018231540565177757,0.0013673655423883319,0.00045578851412944393,0.004102096627164996,0.005013673655423883,0.0018231540565177757,0.0031905195989061076,0.0,0.0022789425706472195,0.0,0.00045578851412944393,0.0022789425706472195,0.004102096627164996,0.0,0.0022789425706472195,0.0,0.0031905195989061076,0.0013673655423883319,0.0013673655423883319,0.0022789425706472195,0.0036463081130355514,0.0,0.0013673655423883319,0.0022789425706472195,0.0022789425706472195,0.0018231540565177757,0.0013673655423883319,0.0022789425706472195,0.0054694621695533276,0.004102096627164996,0.0022789425706472195,0.0027347310847766638,0.0013673655423883319,0.0,0.00045578851412944393,0.0,0.0009115770282588879,0.004557885141294439,0.0022789425706472195,0.0013673655423883319,0.0009115770282588879,0.0018231540565177757,0.0022789425706472195,0.0018231540565177757,0.00045578851412944393,0.00045578851412944393,0.005013673655423883,0.005013673655423883,0.0009115770282588879,0.0027347310847766638,0.0009115770282588879,0.004557885141294439,0.0009115770282588879,0.0,0.0054694621695533276,0.0031905195989061076,0.0027347310847766638,0.0009115770282588879,0.0,0.0009115770282588879,0.0018231540565177757,0.0,0.0031905195989061076,0.0,0.0022789425706472195,0.0009115770282588879,0.0018231540565177757,0.0027347310847766638,0.0009115770282588879,0.004557885141294439,0.0013673655423883319,0.006381039197812215,0.00045578851412944393,0.0018231540565177757,0.0027347310847766638,0.00045578851412944393,0.004102096627164996,0.0018231540565177757,0.0018231540565177757,0.0027347310847766638,0.0027347310847766638,0.0018231540565177757,0.0036463081130355514,0.0022789425706472195,0.00045578851412944393,0.0018231540565177757,0.0009115770282588879,0.004557885141294439,0.0036463081130355514,0.00045578851412944393,0.0022789425706472195,0.0013673655423883319,0.005925250683682771,0.0027347310847766638,0.0009115770282588879,0.0009115770282588879,0.0018231540565177757,0.0013673655423883319,0.00045578851412944393,0.0022789425706472195,0.0009115770282588879,0.0018231540565177757,0.006381039197812215,0.0022789425706472195,0.00045578851412944393,0.0018231540565177757,0.0022789425706472195,0.0022789425706472195,0.0018231540565177757,0.0031905195989061076,0.0022789425706472195,0.0031905195989061076,0.00045578851412944393,0.0018231540565177757,0.0009115770282588879
1793ready83,0.0024855012427506215,0.0,0.0008285004142502071,0.0008285004142502071,0.0016570008285004142,0.00579950289975145,0.0,0.0024855012427506215,0.0016570008285004142,0.00579950289975145,0.0024855012427506215,0.0016570008285004142,0.00579950289975145,0.0024855012427506215,0.0008285004142502071,0.004971002485501243,0.0,0.0024855012427506215,0.0008285004142502071,0.0024855012427506215,0.004971002485501243,0.0,0.0008285004142502071,0.0033140016570008283,0.0,0.0008285004142502071,0.0033140016570008283,0.0033140016570008283,0.0016570008285004142,0.0,0.004142502071251036,0.0008285004142502071,0.0008285004142502071,0.0008285004142502071,0.0,0.0,0.004142502071251036,0.0016570008285004142,0.0016570008285004142,0.0008285004142502071,0.0,0.0033140016570008283,0.009113504556752278,0.0,0.0024855012427506215,0.0008285004142502071,0.0008285004142502071,0.0016570008285004142,0.0008285004142502071,0.0033140016570008283,0.0,0.0,0.0024855012427506215,0.0024855012427506215,0.0,0.0,0.0024855012427506215,0.0,0.0024855012427506215,0.0016570008285004142,0.0016570008285004142,0.0016570008285004142,0.0,0.0024855012427506215,0.0,0.004971002485501243,0.007456503728251864,0.0008285004142502071,0.0016570008285004142,0.0,0.006628003314001657,0.00579950289975145,0.0008285004142502071,0.0024855012427506215,0.0,0.0016570008285004142,0.0024855012427506215,0.004971002485501243,0.0016570008285004142,0.007456503728251864,0.0016570008285004142,0.0024855012427506215,0.006628003314001657,0.0,0.0024855012427506215,0.0,0.009113504556752278,0.0033140016570008283,0.0,0.0,0.0008285004142502071,0.0,0.0008285004142502071,0.0016570008285004142,0.0,0.004971002485501243,0.0016570008285004142,0.0008285004142502071,0.0,0.00579950289975145,0.0008285004142502071,0.0016570008285004142,0.0024855012427506215,0.0033140016570008283,0.0016570008285004142,0.0024855012427506215,0.0016570008285004142,0.0016570008285004142,0.0008285004142502071,0.0016570008285004142,0.0024855012427506215,0.0,0.0016570008285004142,0.0008285004142502071,0.0016570008285004142,0.0016570008285004142,0.004142502071251036,0.0,0.00579950289975145,0.0008285004142502071,0.0016570008285004142,0.0,0.0,0.0016570008285004142,0.0008285004142502071,0.0016570008285004142,0.0008285004142502071,0.0024855012427506215,0.004971002485501243,0.0016570008285004142,0.0,0.0024855012427506215,0.0,0.0033140016570008283,0.0016570008285004142,0.0033140016570008283,0.0008285004142502071,0.0008285004142502071,0.0008285004142502071,0.0024855012427506215,0.004142502071251036,0.0,0.0008285004142502071,0.0008285004142502071,0.008285004142502071,0.0008285004142502071,0.0008285004142502071,0.0016570008285004142,0.0008285004142502071,0.004142502071251036,0.0,0.0,0.0,0.0033140016570008283,0.0016570008285004142,0.0,0.0024855012427506215,0.0,0.0024855012427506215,0.004971002485501243,0.0024855012427506215,0.0008285004142502071,0.009942004971002486,0.0,0.0,0.0,0.0,0.004971002485501243,0.0016570008285004142,0.0,0.0,0.0008285004142502071,0.0,0.0,0.00579950289975145,0.004142502071251036,0.0,0.004142502071251036,0.0016570008285004142,0.0016570008285004142,0.0,0.0024855012427506215,0.0016570008285004142,0.0024855012427506215,0.0008285004142502071,0.0033140016570008283,0.0,0.0016570008285004142,0.0016570008285004142,0.0008285004142502071,0.0024855012427506215,0.0016570008285004142,0.0008285004142502071,0.0,0.0024855012427506215,0.0,0.0016570008285004142,0.0033140016570008283,0.0,0.0008285004142502071,0.004971002485501243,0.00579950289975145,0.0008285004142502071,0.00579950289975145,0.0,0.0008285004142502071,0.0,0.0,0.004142502071251036,0.0008285004142502071,0.0033140016570008283,0.004142502071251036,0.006628003314001657,0.0,0.006628003314001657,0.0008285004142502071,0.0,0.0,0.0008285004142502071,0.0033140016570008283,0.0,0.0,0.0033140016570008283,0.0,0.0008285004142502071,0.0016570008285004142,0.004142502071251036,0.0016570008285004142,0.004142502071251036,0.0,0.0024855012427506215,0.0016570008285004142,0.0,0.0024855012427506215,0.0024855012427506215,0.0,0.0,0.0016570008285004142,0.0016570008285004142,0.0016570008285004142,0.00579950289975145,0.0008285004142502071,0.0024855012427506215,0.0,0.0008285004142502071,0.004142502071251036,0.0016570008285004142,0.0008285004142502071,0.0016570008285004142,0.0016570008285004142,0.0024855012427506215,0.0,0.004971002485501243,0.0033140016570008283,0.009942004971002486,0.0,0.0016570008285004142,0.0,0.0,0.0016570008285004142,0.0016570008285004142,0.0008285004142502071,0.02568351284175642,0.0,0.0008285004142502071,0.0016570008285004142,0.0,0.0024855012427506215,0.0,0.00579950289975145,0.0016570008285004142,0.0016570008285004142,0.0016570008285004142,0.0,0.0016570008285004142,0.0,0.0016570008285004142,0.0024855012427506215,0.0008285004142502071,0.0,0.0,0.0,0.0033140016570008283,0.0,0.0024855012427506215,0.004142502071251036,0.0016570008285004142,0.0,0.0016570008285004142,0.0,0.0008285004142502071,0.0024855012427506215,0.0,0.0016570008285004142,0.0016570008285004142,0.006628003314001657,0.0,0.0008285004142502071,0.0008285004142502071,0.0,0.0008285004142502071,0.0008285004142502071,0.0008285004142502071,0.00579950289975145,0.0,0.0033140016570008283,0.0033140016570008283,0.0033140016570008283,0.0008285004142502071,0.0024855012427506215,0.0033140016570008283,0.0033140016570008283,0.0,0.0033140016570008283,0.0008285004142502071,0.0033140016570008283,0.0008285004142502071,0.0033140016570008283,0.0024855012427506215,0.0016570008285004142,0.0016570008285004142,0.0024855012427506215,0.004971002485501243,0.0,0.0,0.0,0.0033140016570008283,0.00579950289975145,0.0,0.0,0.00579950289975145,0.0,0.0016570008285004142,0.0,0.0008285004142502071,0.0016570008285004142,0.0008285004142502071,0.0,0.0,0.0,0.0008285004142502071,0.0008285004142502071,0.0008285004142502071,0.0033140016570008283,0.0016570008285004142,0.0,0.0008285004142502071,0.0008285004142502071,0.004971002485501243,0.0,0.0008285004142502071,0.0,0.0,0.009942004971002486,0.0008285004142502071,0.0016570008285004142,0.0,0.004142502071251036,0.009113504556752278,0.0008285004142502071,0.004142502071251036,0.0,0.0,0.0016570008285004142,0.0033140016570008283,0.0024855012427506215,0.0033140016570008283,0.0008285004142502071,0.0024855012427506215,0.0,0.0,0.0033140016570008283,0.00579950289975145,0.0024855012427506215,0.0,0.0033140016570008283,0.0008285004142502071,0.0,0.0,0.0008285004142502071,0.0008285004142502071,0.0008285004142502071,0.0,0.0008285004142502071,0.004142502071251036,0.0024855012427506215,0.0033140016570008283,0.0,0.00579950289975145,0.00579950289975145,0.0008285004142502071,0.0,0.0024855012427506215,0.0,0.0016570008285004142,0.0008285004142502071,0.0,0.0,0.0016570008285004142,0.0024855012427506215,0.0016570008285004142,0.0,0.0033140016570008283,0.0008285004142502071,0.0008285004142502071,0.0,0.0008285004142502071,0.004142502071251036,0.0,0.00579950289975145,0.0008285004142502071,0.00579950289975145,0.0024855012427506215,0.00579950289975145,0.0,0.0,0.0008285004142502071,0.0,0.0024855012427506215,0.0,0.0,0.0008285004142502071,0.0024855012427506215,0.0024855012427506215,0.0008285004142502071,0.0,0.0008285004142502071,0.0033140016570008283,0.0,0.0016570008285004142,0.0016570008285004142,0.004971002485501243,0.024855012427506214,0.0033140016570008283,0.0008285004142502071,0.0024855012427506215,0.004971002485501243,0.0024855012427506215,0.0024855012427506215,0.0,0.0,0.004971002485501243,0.004142502071251036,0.0,0.0033140016570008283,0.0024855012427506215,0.0,0.0033140016570008283,0.0,0.004971002485501243,0.0008285004142502071,0.0008285004142502071,0.0,0.0033140016570008283,0.004142502071251036,0.0,0.0016570008285004142,0.006628003314001657,0.0008285004142502071,0.0024855012427506215,0.0024855012427506215,0.0016570008285004142,0.0016570008285004142,0.0016570008285004142,0.004971002485501243,0.0,0.0016570008285004142,0.0033140016570008283,0.0033140016570008283,0.004971002485501243,0.0016570008285004142,0.0,0.0024855012427506215,0.0,0.0024855012427506215,0.0,0.0033140016570008283,0.0,0.0016570008285004142,0.0008285004142502071,0.0008285004142502071,0.0,0.0024855012427506215,0.0024855012427506215,0.0016570008285004142,0.0008285004142502071,0.0033140016570008283,0.0016570008285004142,0.0,0.0,0.0008285004142502071,0.0033140016570008283,0.0008285004142502071,0.0,0.0033140016570008283,0.0008285004142502071,0.0008285004142502071,0.0033140016570008283,0.0008285004142502071,0.0024855012427506215,0.0008285004142502071,0.0,0.0016570008285004142,0.004971002485501243,0.0,0.00579950289975145,0.0033140016570008283,0.0008285004142502071,0.004142502071251036,0.0033140016570008283,0.0,0.0008285004142502071
1793ready82,0.0005324813631522897,0.0010649627263045794,0.001597444089456869,0.0005324813631522897,0.006922257720979766,0.0010649627263045794,0.002129925452609159,0.0010649627263045794,0.006922257720979766,0.003194888178913738,0.004259850905218318,0.003194888178913738,0.001597444089456869,0.002129925452609159,0.0026624068157614484,0.003194888178913738,0.0010649627263045794,0.002129925452609159,0.001597444089456869,0.0,0.002129925452609159,0.0,0.0005324813631522897,0.0010649627263045794,0.001597444089456869,0.002129925452609159,0.002129925452609159,0.001597444089456869,0.001597444089456869,0.0026624068157614484,0.0005324813631522897,0.0010649627263045794,0.001597444089456869,0.0010649627263045794,0.003727369542066028,0.0005324813631522897,0.0005324813631522897,0.005324813631522897,0.0010649627263045794,0.0005324813631522897,0.001597444089456869,0.004259850905218318,0.0,0.0010649627263045794,0.0,0.002129925452609159,0.0010649627263045794,0.0,0.0005324813631522897,0.002129925452609159,0.003194888178913738,0.004792332268370607,0.0,0.0005324813631522897,0.001597444089456869,0.002129925452609159,0.0010649627263045794,0.001597444089456869,0.001597444089456869,0.003194888178913738,0.0010649627263045794,0.005857294994675187,0.0010649627263045794,0.0010649627263045794,0.0005324813631522897,0.0005324813631522897,0.0,0.001597444089456869,0.0005324813631522897,0.0010649627263045794,0.004792332268370607,0.0005324813631522897,0.006389776357827476,0.001597444089456869,0.002129925452609159,0.003194888178913738,0.004259850905218318,0.004259850905218318,0.0005324813631522897,0.0026624068157614484,0.003194888178913738,0.001597444089456869,0.003194888178913738,0.0005324813631522897,0.002129925452609159,0.009584664536741214,0.0,0.002129925452609159,0.0010649627263045794,0.003727369542066028,0.0,0.0,0.002129925452609159,0.0,0.014909478168264111,0.002129925452609159,0.002129925452609159,0.0005324813631522897,0.0010649627263045794,0.0010649627263045794,0.0,0.0010649627263045794,0.002129925452609159,0.0,0.0005324813631522897,0.0026624068157614484,0.0,0.0005324813631522897,0.005324813631522897,0.0026624068157614484,0.0010649627263045794,0.0,0.0005324813631522897,0.001597444089456869,0.0,0.001597444089456869,0.004259850905218318,0.0,0.0005324813631522897,0.002129925452609159,0.002129925452609159,0.0010649627263045794,0.003194888178913738,0.0005324813631522897,0.0005324813631522897,0.0010649627263045794,0.0026624068157614484,0.0026624068157614484,0.001597444089456869,0.0005324813631522897,0.0010649627263045794,0.0010649627263045794,0.0005324813631522897,0.003194888178913738,0.0010649627263045794,0.004792332268370607,0.004259850905218318,0.0010649627263045794,0.002129925452609159,0.0010649627263045794,0.0026624068157614484,0.0005324813631522897,0.002129925452609159,0.003194888178913738,0.0010649627263045794,0.0010649627263045794,0.001597444089456869,0.0010649627263045794,0.002129925452609159,0.0026624068157614484,0.0005324813631522897,0.0,0.0005324813631522897,0.0010649627263045794,0.0010649627263045794,0.003727369542066028,0.003194888178913738,0.0026624068157614484,0.002129925452609159,0.003194888178913738,0.001597444089456869,0.011714589989350373,0.0005324813631522897,0.001597444089456869,0.003727369542066028,0.0,0.001597444089456869,0.011182108626198083,0.0005324813631522897,0.0010649627263045794,0.0,0.0,0.0005324813631522897,0.001597444089456869,0.002129925452609159,0.002129925452609159,0.0010649627263045794,0.0005324813631522897,0.002129925452609159,0.0010649627263045794,0.002129925452609159,0.0010649627263045794,0.0005324813631522897,0.0005324813631522897,0.002129925452609159,0.003194888178913738,0.0,0.0010649627263045794,0.002129925452609159,0.0005324813631522897,0.009584664536741214,0.0010649627263045794,0.0005324813631522897,0.0005324813631522897,0.0005324813631522897,0.0010649627263045794,0.004259850905218318,0.0,0.0005324813631522897,0.0,0.0026624068157614484,0.005857294994675187,0.0010649627263045794,0.0005324813631522897,0.0,0.0,0.0005324813631522897,0.0005324813631522897,0.004259850905218318,0.0,0.0026624068157614484,0.0005324813631522897,0.003194888178913738,0.0,0.003727369542066028,0.003727369542066028,0.001597444089456869,0.0010649627263045794,0.0005324813631522897,0.0026624068157614484,0.002129925452609159,0.0,0.0005324813631522897,0.001597444089456869,0.0026624068157614484,0.005324813631522897,0.003194888178913738,0.001597444089456869,0.0026624068157614484,0.002129925452609159,0.002129925452609159,0.003727369542066028,0.0005324813631522897,0.0010649627263045794,0.002129925452609159,0.0026624068157614484,0.0026624068157614484,0.002129925452609159,0.004259850905218318,0.0005324813631522897,0.006922257720979766,0.0026624068157614484,0.001597444089456869,0.0005324813631522897,0.0005324813631522897,0.001597444089456869,0.0010649627263045794,0.0010649627263045794,0.0010649627263045794,0.001597444089456869,0.003727369542066028,0.0,0.001597444089456869,0.0005324813631522897,0.0026624068157614484,0.0,0.0,0.002129925452609159,0.003194888178913738,0.0010649627263045794,0.0010649627263045794,0.001597444089456869,0.011714589989350373,0.001597444089456869,0.001597444089456869,0.002129925452609159,0.001597444089456869,0.006922257720979766,0.0,0.001597444089456869,0.0005324813631522897,0.002129925452609159,0.002129925452609159,0.0026624068157614484,0.0,0.004792332268370607,0.001597444089456869,0.0010649627263045794,0.0,0.0,0.004259850905218318,0.011714589989350373,0.0010649627263045794,0.002129925452609159,0.0005324813631522897,0.002129925452609159,0.0005324813631522897,0.0005324813631522897,0.0026624068157614484,0.002129925452609159,0.0010649627263045794,0.0005324813631522897,0.0010649627263045794,0.001597444089456869,0.0005324813631522897,0.0026624068157614484,0.0010649627263045794,0.0026624068157614484,0.002129925452609159,0.0,0.0005324813631522897,0.0010649627263045794,0.003727369542066028,0.0005324813631522897,0.0005324813631522897,0.001597444089456869,0.001597444089456869,0.0026624068157614484,0.0005324813631522897,0.003194888178913738,0.0010649627263045794,0.0,0.0,0.002129925452609159,0.0026624068157614484,0.0010649627263045794,0.0026624068157614484,0.001597444089456869,0.0005324813631522897,0.0005324813631522897,0.0,0.002129925452609159,0.0026624068157614484,0.0005324813631522897,0.003194888178913738,0.0005324813631522897,0.001597444089456869,0.0005324813631522897,0.0005324813631522897,0.0010649627263045794,0.0005324813631522897,0.0005324813631522897,0.002129925452609159,0.002129925452609159,0.002129925452609159,0.001597444089456869,0.0005324813631522897,0.0,0.001597444089456869,0.0005324813631522897,0.0010649627263045794,0.0,0.008519701810436636,0.001597444089456869,0.0010649627263045794,0.001597444089456869,0.001597444089456869,0.0010649627263045794,0.001597444089456869,0.004259850905218318,0.0,0.001597444089456869,0.0005324813631522897,0.002129925452609159,0.008519701810436636,0.001597444089456869,0.002129925452609159,0.0,0.004792332268370607,0.0010649627263045794,0.002129925452609159,0.003727369542066028,0.0010649627263045794,0.0,0.0026624068157614484,0.0010649627263045794,0.0005324813631522897,0.003727369542066028,0.001597444089456869,0.002129925452609159,0.004259850905218318,0.001597444089456869,0.0,0.0026624068157614484,0.0010649627263045794,0.0,0.0010649627263045794,0.006389776357827476,0.0010649627263045794,0.003727369542066028,0.002129925452609159,0.003727369542066028,0.002129925452609159,0.0010649627263045794,0.003727369542066028,0.003727369542066028,0.0026624068157614484,0.004792332268370607,0.0005324813631522897,0.001597444089456869,0.001597444089456869,0.001597444089456869,0.0010649627263045794,0.003194888178913738,0.0026624068157614484,0.0026624068157614484,0.003727369542066028,0.001597444089456869,0.001597444089456869,0.003727369542066028,0.003727369542066028,0.0010649627263045794,0.0010649627263045794,0.001597444089456869,0.001597444089456869,0.0005324813631522897,0.0,0.0010649627263045794,0.002129925452609159,0.001597444089456869,0.004259850905218318,0.002129925452609159,0.005857294994675187,0.003194888178913738,0.002129925452609159,0.0,0.0005324813631522897,0.0026624068157614484,0.0005324813631522897,0.002129925452609159,0.002129925452609159,0.0010649627263045794,0.001597444089456869,0.0010649627263045794,0.0005324813631522897,0.001597444089456869,0.0005324813631522897,0.003194888178913738,0.001597444089456869,0.0,0.003194888178913738,0.0,0.004259850905218318,0.023429179978700747,0.0010649627263045794,0.0010649627263045794,0.001597444089456869,0.002129925452609159,0.001597444089456869,0.006389776357827476,0.001597444089456869,0.0005324813631522897,0.006389776357827476,0.0005324813631522897,0.0010649627263045794,0.0005324813631522897,0.009584664536741214,0.001597444089456869,0.001597444089456869,0.004259850905218318,0.001597444089456869,0.0,0.0010649627263045794,0.002129925452609159,0.0010649627263045794,0.0010649627263045794,0.0005324813631522897,0.0005324813631522897,0.004792332268370607,0.002129925452609159,0.0010649627263045794,0.001597444089456869,0.0005324813631522897,0.005324813631522897,0.0010649627263045794,0.003727369542066028,0.001597444089456869,0.005857294994675187,0.001597444089456869,0.003194888178913738,0.001597444089456869,0.0005324813631522897,0.0026624068157614484,0.0010649627263045794,0.0005324813631522897,0.0010649627263045794,0.0,0.001597444089456869,0.002129925452609159,0.0010649627263045794,0.001597444089456869,0.0,0.0,0.003194888178913738,0.0026624068157614484,0.0005324813631522897,0.0005324813631522897,0.001597444089456869,0.001597444089456869,0.0010649627263045794,0.0010649627263045794,0.0010649627263045794,0.0026624068157614484,0.0026624068157614484,0.002129925452609159,0.003194888178913738,0.004259850905218318,0.0005324813631522897,0.0010649627263045794,0.004259850905218318,0.0026624068157614484,0.004792332268370607,0.0,0.003194888178913738,0.0026624068157614484,0.0005324813631522897,0.002129925452609159,0.0005324813631522897,0.0005324813631522897,0.003194888178913738,0.0005324813631522897,0.0010649627263045794
1804lateDisease7,0.0026749888542131075,0.0013374944271065537,0.0017833259028087382,0.0008916629514043691,0.0013374944271065537,0.0,0.0017833259028087382,0.0008916629514043691,0.0008916629514043691,0.00044583147570218456,0.0035666518056174765,0.003120820329915292,0.00044583147570218456,0.0026749888542131075,0.004012483281319661,0.0026749888542131075,0.00044583147570218456,0.0008916629514043691,0.0035666518056174765,0.0017833259028087382,0.0013374944271065537,0.0035666518056174765,0.002229157378510923,0.0008916629514043691,0.0008916629514043691,0.0,0.0017833259028087382,0.0008916629514043691,0.0035666518056174765,0.0013374944271065537,0.0,0.0026749888542131075,0.004012483281319661,0.0008916629514043691,0.0008916629514043691,0.00490414623272403,0.0026749888542131075,0.0013374944271065537,0.0008916629514043691,0.0017833259028087382,0.00044583147570218456,0.0,0.0,0.003120820329915292,0.0013374944271065537,0.002229157378510923,0.002229157378510923,0.0008916629514043691,0.0017833259028087382,0.0057958091841284,0.0017833259028087382,0.0017833259028087382,0.0,0.0026749888542131075,0.0008916629514043691,0.005349977708426215,0.002229157378510923,0.0035666518056174765,0.0013374944271065537,0.0013374944271065537,0.0013374944271065537,0.0008916629514043691,0.002229157378510923,0.005349977708426215,0.00044583147570218456,0.002229157378510923,0.002229157378510923,0.0,0.00044583147570218456,0.0,0.0026749888542131075,0.0,0.0017833259028087382,0.00044583147570218456,0.0026749888542131075,0.0,0.0017833259028087382,0.0017833259028087382,0.0017833259028087382,0.0017833259028087382,0.0008916629514043691,0.0017833259028087382,0.0,0.002229157378510923,0.0017833259028087382,0.003120820329915292,0.0,0.005349977708426215,0.0013374944271065537,0.00044583147570218456,0.0013374944271065537,0.0017833259028087382,0.0,0.0013374944271065537,0.0026749888542131075,0.0026749888542131075,0.00044583147570218456,0.0017833259028087382,0.0026749888542131075,0.003120820329915292,0.003120820329915292,0.0,0.004012483281319661,0.0008916629514043691,0.0008916629514043691,0.002229157378510923,0.0017833259028087382,0.00044583147570218456,0.004458314757021846,0.002229157378510923,0.003120820329915292,0.0017833259028087382,0.002229157378510923,0.00044583147570218456,0.00044583147570218456,0.002229157378510923,0.0,0.002229157378510923,0.004012483281319661,0.002229157378510923,0.0013374944271065537,0.0013374944271065537,0.0,0.0035666518056174765,0.0017833259028087382,0.00044583147570218456,0.0017833259028087382,0.0035666518056174765,0.0017833259028087382,0.003120820329915292,0.003120820329915292,0.0,0.0017833259028087382,0.002229157378510923,0.0013374944271065537,0.00044583147570218456,0.0017833259028087382,0.003120820329915292,0.0008916629514043691,0.0013374944271065537,0.0,0.0013374944271065537,0.0017833259028087382,0.0008916629514043691,0.0013374944271065537,0.0013374944271065537,0.002229157378510923,0.0013374944271065537,0.0008916629514043691,0.002229157378510923,0.0026749888542131075,0.002229157378510923,0.0017833259028087382,0.002229157378510923,0.0013374944271065537,0.005349977708426215,0.0017833259028087382,0.0026749888542131075,0.0017833259028087382,0.002229157378510923,0.0013374944271065537,0.002229157378510923,0.0,0.0008916629514043691,0.0026749888542131075,0.0017833259028087382,0.0035666518056174765,0.002229157378510923,0.00044583147570218456,0.002229157378510923,0.004012483281319661,0.0013374944271065537,0.002229157378510923,0.0026749888542131075,0.0035666518056174765,0.0026749888542131075,0.003120820329915292,0.00044583147570218456,0.004012483281319661,0.0013374944271065537,0.004012483281319661,0.0017833259028087382,0.0,0.0017833259028087382,0.004458314757021846,0.0013374944271065537,0.0026749888542131075,0.0,0.0008916629514043691,0.004012483281319661,0.003120820329915292,0.0008916629514043691,0.0,0.002229157378510923,0.00044583147570218456,0.0017833259028087382,0.0013374944271065537,0.0013374944271065537,0.0013374944271065537,0.0017833259028087382,0.0008916629514043691,0.002229157378510923,0.0013374944271065537,0.0013374944271065537,0.0026749888542131075,0.002229157378510923,0.0017833259028087382,0.0017833259028087382,0.0013374944271065537,0.002229157378510923,0.00490414623272403,0.0017833259028087382,0.0008916629514043691,0.0017833259028087382,0.002229157378510923,0.0026749888542131075,0.0008916629514043691,0.0013374944271065537,0.0008916629514043691,0.004012483281319661,0.00044583147570218456,0.0013374944271065537,0.002229157378510923,0.002229157378510923,0.0008916629514043691,0.0,0.002229157378510923,0.004012483281319661,0.00044583147570218456,0.0013374944271065537,0.0017833259028087382,0.0035666518056174765,0.0013374944271065537,0.00044583147570218456,0.0,0.0026749888542131075,0.0017833259028087382,0.0026749888542131075,0.00044583147570218456,0.002229157378510923,0.0,0.0057958091841284,0.0017833259028087382,0.0013374944271065537,0.0013374944271065537,0.0008916629514043691,0.0026749888542131075,0.002229157378510923,0.0026749888542131075,0.0013374944271065537,0.0026749888542131075,0.005349977708426215,0.0013374944271065537,0.0026749888542131075,0.0026749888542131075,0.0026749888542131075,0.0026749888542131075,0.0017833259028087382,0.00044583147570218456,0.0026749888542131075,0.0026749888542131075,0.0017833259028087382,0.0,0.0008916629514043691,0.002229157378510923,0.0008916629514043691,0.0008916629514043691,0.003120820329915292,0.002229157378510923,0.003120820329915292,0.0008916629514043691,0.0008916629514043691,0.003120820329915292,0.0026749888542131075,0.002229157378510923,0.0026749888542131075,0.003120820329915292,0.0008916629514043691,0.0008916629514043691,0.0026749888542131075,0.0035666518056174765,0.0035666518056174765,0.0017833259028087382,0.0017833259028087382,0.002229157378510923,0.004012483281319661,0.002229157378510923,0.0013374944271065537,0.004012483281319661,0.0017833259028087382,0.0008916629514043691,0.004012483281319661,0.0013374944271065537,0.00044583147570218456,0.0013374944271065537,0.0008916629514043691,0.003120820329915292,0.0026749888542131075,0.0017833259028087382,0.002229157378510923,0.0008916629514043691,0.0013374944271065537,0.0013374944271065537,0.0017833259028087382,0.004012483281319661,0.003120820329915292,0.0035666518056174765,0.0057958091841284,0.0008916629514043691,0.0013374944271065537,0.0008916629514043691,0.00044583147570218456,0.0013374944271065537,0.003120820329915292,0.0026749888542131075,0.0008916629514043691,0.004458314757021846,0.0017833259028087382,0.0,0.00044583147570218456,0.0013374944271065537,0.004012483281319661,0.004012483281319661,0.0017833259028087382,0.0026749888542131075,0.0017833259028087382,0.002229157378510923,0.0,0.0008916629514043691,0.003120820329915292,0.00044583147570218456,0.0026749888542131075,0.0013374944271065537,0.0017833259028087382,0.0017833259028087382,0.0035666518056174765,0.0013374944271065537,0.0008916629514043691,0.0035666518056174765,0.00490414623272403,0.0017833259028087382,0.003120820329915292,0.00044583147570218456,0.0008916629514043691,0.0035666518056174765,0.0008916629514043691,0.0013374944271065537,0.0017833259028087382,0.0035666518056174765,0.0017833259028087382,0.003120820329915292,0.0008916629514043691,0.0017833259028087382,0.0,0.0017833259028087382,0.002229157378510923,0.002229157378510923,0.00044583147570218456,0.0008916629514043691,0.003120820329915292,0.002229157378510923,0.0013374944271065537,0.0013374944271065537,0.0013374944271065537,0.00044583147570218456,0.0,0.0017833259028087382,0.0017833259028087382,0.003120820329915292,0.0026749888542131075,0.0013374944271065537,0.0017833259028087382,0.0013374944271065537,0.0013374944271065537,0.002229157378510923,0.0008916629514043691,0.002229157378510923,0.0013374944271065537,0.00044583147570218456,0.002229157378510923,0.002229157378510923,0.0,0.002229157378510923,0.0026749888542131075,0.0013374944271065537,0.002229157378510923,0.0026749888542131075,0.0026749888542131075,0.0017833259028087382,0.006241640659830584,0.003120820329915292,0.003120820329915292,0.0,0.0017833259028087382,0.00044583147570218456,0.0017833259028087382,0.0017833259028087382,0.0013374944271065537,0.0026749888542131075,0.0017833259028087382,0.004458314757021846,0.002229157378510923,0.0057958091841284,0.006241640659830584,0.0,0.0017833259028087382,0.0,0.00044583147570218456,0.0017833259028087382,0.0026749888542131075,0.0017833259028087382,0.003120820329915292,0.0,0.0013374944271065537,0.0017833259028087382,0.004458314757021846,0.0013374944271065537,0.004012483281319661,0.0,0.006687472135532769,0.00490414623272403,0.0008916629514043691,0.0017833259028087382,0.00044583147570218456,0.0013374944271065537,0.0008916629514043691,0.0017833259028087382,0.0017833259028087382,0.003120820329915292,0.00044583147570218456,0.00044583147570218456,0.0013374944271065537,0.0,0.003120820329915292,0.0035666518056174765,0.003120820329915292,0.0026749888542131075,0.0035666518056174765,0.0008916629514043691,0.004012483281319661,0.0026749888542131075,0.003120820329915292,0.0013374944271065537,0.0026749888542131075,0.004458314757021846,0.0013374944271065537,0.0013374944271065537,0.00044583147570218456,0.003120820329915292,0.0026749888542131075,0.00044583147570218456,0.002229157378510923,0.004012483281319661,0.00490414623272403,0.00044583147570218456,0.0008916629514043691,0.0017833259028087382,0.0026749888542131075,0.0,0.003120820329915292,0.00044583147570218456,0.0013374944271065537,0.004012483281319661,0.005349977708426215,0.00044583147570218456,0.003120820329915292,0.00044583147570218456,0.002229157378510923,0.006687472135532769,0.003120820329915292,0.0017833259028087382,0.0035666518056174765,0.0008916629514043691,0.003120820329915292,0.003120820329915292,0.003120820329915292,0.003120820329915292,0.00044583147570218456,0.0008916629514043691,0.0013374944271065537,0.0017833259028087382,0.0026749888542131075,0.003120820329915292,0.00044583147570218456,0.002229157378510923,0.0026749888542131075,0.0026749888542131075,0.0008916629514043691,0.002229157378510923,0.0026749888542131075,0.004458314757021846,0.0013374944271065537,0.0026749888542131075,0.0017833259028087382,0.0013374944271065537,0.003120820329915292,0.0017833259028087382,0.002229157378510923,0.004012483281319661,0.004012483281319661,0.0017833259028087382,0.0013374944271065537,0.00044583147570218456,0.0008916629514043691,0.0017833259028087382,0.0013374944271065537,0.0,0.0013374944271065537,0.0,0.0,0.0026749888542131075,0.0013374944271065537
1803lateDisease3,0.002244668911335578,0.003367003367003367,0.002244668911335578,0.0005611672278338945,0.0005611672278338945,0.0,0.003367003367003367,0.001122334455667789,0.0005611672278338945,0.0,0.003928170594837262,0.002244668911335578,0.0005611672278338945,0.001122334455667789,0.0016835016835016834,0.0028058361391694723,0.005611672278338945,0.001122334455667789,0.0005611672278338945,0.001122334455667789,0.002244668911335578,0.0028058361391694723,0.001122334455667789,0.0016835016835016834,0.001122334455667789,0.0,0.0005611672278338945,0.0005611672278338945,0.001122334455667789,0.0005611672278338945,0.0,0.003928170594837262,0.005611672278338945,0.0028058361391694723,0.002244668911335578,0.001122334455667789,0.001122334455667789,0.001122334455667789,0.0016835016835016834,0.001122334455667789,0.0016835016835016834,0.0005611672278338945,0.0005611672278338945,0.0005611672278338945,0.0,0.0,0.0016835016835016834,0.0005611672278338945,0.004489337822671156,0.003928170594837262,0.002244668911335578,0.0,0.0,0.0005611672278338945,0.001122334455667789,0.0005611672278338945,0.0,0.0016835016835016834,0.0,0.0016835016835016834,0.0,0.0,0.008978675645342313,0.0005611672278338945,0.002244668911335578,0.0016835016835016834,0.0016835016835016834,0.0005611672278338945,0.001122334455667789,0.0,0.0005611672278338945,0.0005611672278338945,0.0016835016835016834,0.0005611672278338945,0.004489337822671156,0.0028058361391694723,0.003928170594837262,0.001122334455667789,0.0016835016835016834,0.0016835016835016834,0.0028058361391694723,0.001122334455667789,0.0,0.001122334455667789,0.0016835016835016834,0.0016835016835016834,0.0,0.001122334455667789,0.0005611672278338945,0.0,0.0005611672278338945,0.003928170594837262,0.0,0.003928170594837262,0.0,0.0,0.001122334455667789,0.0005611672278338945,0.0028058361391694723,0.0028058361391694723,0.0016835016835016834,0.001122334455667789,0.0016835016835016834,0.002244668911335578,0.0005611672278338945,0.004489337822671156,0.002244668911335578,0.0,0.005611672278338945,0.001122334455667789,0.003928170594837262,0.002244668911335578,0.003928170594837262,0.002244668911335578,0.0028058361391694723,0.002244668911335578,0.0,0.003367003367003367,0.0005611672278338945,0.003367003367003367,0.005050505050505051,0.0005611672278338945,0.0,0.0016835016835016834,0.002244668911335578,0.0,0.0005611672278338945,0.0028058361391694723,0.0016835016835016834,0.005050505050505051,0.002244668911335578,0.0,0.006172839506172839,0.002244668911335578,0.0005611672278338945,0.0028058361391694723,0.0005611672278338945,0.001122334455667789,0.001122334455667789,0.003367003367003367,0.0005611672278338945,0.0016835016835016834,0.001122334455667789,0.0016835016835016834,0.001122334455667789,0.002244668911335578,0.0005611672278338945,0.003928170594837262,0.0028058361391694723,0.002244668911335578,0.0016835016835016834,0.003928170594837262,0.0028058361391694723,0.002244668911335578,0.003367003367003367,0.0016835016835016834,0.0016835016835016834,0.003367003367003367,0.0005611672278338945,0.002244668911335578,0.003928170594837262,0.0,0.0,0.005050505050505051,0.0016835016835016834,0.003928170594837262,0.007856341189674524,0.0005611672278338945,0.0,0.004489337822671156,0.005611672278338945,0.001122334455667789,0.002244668911335578,0.003928170594837262,0.001122334455667789,0.002244668911335578,0.001122334455667789,0.004489337822671156,0.004489337822671156,0.0016835016835016834,0.010101010101010102,0.001122334455667789,0.0005611672278338945,0.001122334455667789,0.003367003367003367,0.004489337822671156,0.0,0.0,0.0028058361391694723,0.003928170594837262,0.010101010101010102,0.0016835016835016834,0.0,0.003928170594837262,0.0005611672278338945,0.001122334455667789,0.0,0.0005611672278338945,0.0016835016835016834,0.0,0.0016835016835016834,0.0,0.001122334455667789,0.0,0.006734006734006734,0.004489337822671156,0.0028058361391694723,0.004489337822671156,0.0,0.004489337822671156,0.003928170594837262,0.0,0.001122334455667789,0.007295173961840628,0.003367003367003367,0.001122334455667789,0.0028058361391694723,0.004489337822671156,0.001122334455667789,0.005050505050505051,0.001122334455667789,0.001122334455667789,0.0016835016835016834,0.002244668911335578,0.002244668911335578,0.0,0.002244668911335578,0.0016835016835016834,0.001122334455667789,0.0,0.0,0.004489337822671156,0.003367003367003367,0.004489337822671156,0.0,0.0005611672278338945,0.001122334455667789,0.001122334455667789,0.0,0.0,0.0,0.002244668911335578,0.0005611672278338945,0.002244668911335578,0.0005611672278338945,0.0028058361391694723,0.003367003367003367,0.001122334455667789,0.0016835016835016834,0.0005611672278338945,0.002244668911335578,0.005611672278338945,0.0016835016835016834,0.0016835016835016834,0.002244668911335578,0.001122334455667789,0.0,0.002244668911335578,0.004489337822671156,0.002244668911335578,0.001122334455667789,0.002244668911335578,0.0,0.003367003367003367,0.0005611672278338945,0.0,0.0005611672278338945,0.0016835016835016834,0.001122334455667789,0.0005611672278338945,0.0005611672278338945,0.0016835016835016834,0.003928170594837262,0.0,0.002244668911335578,0.0016835016835016834,0.001122334455667789,0.0005611672278338945,0.002244668911335578,0.006172839506172839,0.0005611672278338945,0.006734006734006734,0.001122334455667789,0.0016835016835016834,0.002244668911335578,0.003928170594837262,0.0028058361391694723,0.002244668911335578,0.001122334455667789,0.002244668911335578,0.002244668911335578,0.003928170594837262,0.001122334455667789,0.0,0.001122334455667789,0.0005611672278338945,0.0028058361391694723,0.002244668911335578,0.0005611672278338945,0.005050505050505051,0.001122334455667789,0.0016835016835016834,0.0005611672278338945,0.001122334455667789,0.0,0.0016835016835016834,0.001122334455667789,0.001122334455667789,0.0028058361391694723,0.0016835016835016834,0.005050505050505051,0.003367003367003367,0.0005611672278338945,0.0016835016835016834,0.003367003367003367,0.001122334455667789,0.003367003367003367,0.002244668911335578,0.0005611672278338945,0.0005611672278338945,0.001122334455667789,0.001122334455667789,0.0016835016835016834,0.005050505050505051,0.001122334455667789,0.0,0.0,0.0,0.0028058361391694723,0.003928170594837262,0.0,0.0016835016835016834,0.001122334455667789,0.0005611672278338945,0.001122334455667789,0.002244668911335578,0.004489337822671156,0.001122334455667789,0.0028058361391694723,0.003928170594837262,0.002244668911335578,0.0005611672278338945,0.005050505050505051,0.001122334455667789,0.0016835016835016834,0.003367003367003367,0.002244668911335578,0.002244668911335578,0.001122334455667789,0.001122334455667789,0.0005611672278338945,0.004489337822671156,0.003928170594837262,0.0005611672278338945,0.001122334455667789,0.0016835016835016834,0.0005611672278338945,0.003367003367003367,0.002244668911335578,0.0028058361391694723,0.001122334455667789,0.003928170594837262,0.005611672278338945,0.005611672278338945,0.0005611672278338945,0.003367003367003367,0.0005611672278338945,0.0016835016835016834,0.0,0.0028058361391694723,0.005050505050505051,0.001122334455667789,0.003367003367003367,0.001122334455667789,0.006734006734006734,0.004489337822671156,0.0028058361391694723,0.003928170594837262,0.0028058361391694723,0.003367003367003367,0.0005611672278338945,0.0016835016835016834,0.0005611672278338945,0.0016835016835016834,0.001122334455667789,0.002244668911335578,0.001122334455667789,0.002244668911335578,0.0,0.006172839506172839,0.0005611672278338945,0.0,0.0005611672278338945,0.002244668911335578,0.0,0.0028058361391694723,0.003367003367003367,0.0028058361391694723,0.0005611672278338945,0.0,0.005611672278338945,0.007856341189674524,0.003367003367003367,0.006172839506172839,0.0,0.001122334455667789,0.0,0.002244668911335578,0.003928170594837262,0.0028058361391694723,0.001122334455667789,0.0016835016835016834,0.0,0.0016835016835016834,0.003367003367003367,0.0005611672278338945,0.0016835016835016834,0.003367003367003367,0.0,0.001122334455667789,0.004489337822671156,0.0028058361391694723,0.0005611672278338945,0.0016835016835016834,0.002244668911335578,0.0028058361391694723,0.0016835016835016834,0.0016835016835016834,0.001122334455667789,0.0016835016835016834,0.0,0.0,0.0,0.0028058361391694723,0.0028058361391694723,0.003367003367003367,0.002244668911335578,0.0,0.0,0.0028058361391694723,0.0016835016835016834,0.0005611672278338945,0.0,0.006172839506172839,0.0016835016835016834,0.0005611672278338945,0.0005611672278338945,0.0005611672278338945,0.004489337822671156,0.0,0.001122334455667789,0.0028058361391694723,0.0005611672278338945,0.0028058361391694723,0.0016835016835016834,0.0005611672278338945,0.0005611672278338945,0.001122334455667789,0.0005611672278338945,0.0016835016835016834,0.0005611672278338945,0.0028058361391694723,0.001122334455667789,0.004489337822671156,0.0005611672278338945,0.005050505050505051,0.004489337822671156,0.0016835016835016834,0.003367003367003367,0.001122334455667789,0.0005611672278338945,0.003928170594837262,0.0005611672278338945,0.006734006734006734,0.005611672278338945,0.0005611672278338945,0.003367003367003367,0.002244668911335578,0.001122334455667789,0.0,0.0016835016835016834,0.0016835016835016834,0.0028058361391694723,0.0,0.002244668911335578,0.005050505050505051,0.002244668911335578,0.001122334455667789,0.005050505050505051,0.0016835016835016834,0.001122334455667789,0.0016835016835016834,0.0028058361391694723,0.001122334455667789,0.001122334455667789,0.0005611672278338945,0.001122334455667789,0.0016835016835016834,0.0005611672278338945,0.005611672278338945,0.0016835016835016834,0.001122334455667789,0.0,0.002244668911335578,0.0005611672278338945,0.001122334455667789,0.002244668911335578,0.0016835016835016834,0.001122334455667789,0.0,0.001122334455667789,0.001122334455667789
1808readyDisease4,0.004618937644341801,0.00046189376443418013,0.0009237875288683603,0.003233256351039261,0.0009237875288683603,0.003695150115473441,0.0,0.00046189376443418013,0.0023094688221709007,0.002771362586605081,0.004157043879907622,0.003233256351039261,0.002771362586605081,0.0013856812933025404,0.0018475750577367205,0.00046189376443418013,0.0009237875288683603,0.0009237875288683603,0.0013856812933025404,0.0013856812933025404,0.003695150115473441,0.002771362586605081,0.0018475750577367205,0.00046189376443418013,0.005542725173210162,0.003695150115473441,0.0013856812933025404,0.00046189376443418013,0.0023094688221709007,0.0,0.004157043879907622,0.0023094688221709007,0.003695150115473441,0.004618937644341801,0.0018475750577367205,0.002771362586605081,0.002771362586605081,0.0009237875288683603,0.003695150115473441,0.00046189376443418013,0.0,0.002771362586605081,0.003695150115473441,0.003233256351039261,0.0013856812933025404,0.0009237875288683603,0.0009237875288683603,0.0,0.00046189376443418013,0.004618937644341801,0.0009237875288683603,0.0023094688221709007,0.005542725173210162,0.0009237875288683603,0.003695150115473441,0.004618937644341801,0.002771362586605081,0.002771362586605081,0.003695150115473441,0.00046189376443418013,0.0018475750577367205,0.0023094688221709007,0.005542725173210162,0.0023094688221709007,0.0009237875288683603,0.004157043879907622,0.0013856812933025404,0.0018475750577367205,0.0,0.008314087759815243,0.0013856812933025404,0.0023094688221709007,0.003233256351039261,0.0013856812933025404,0.002771362586605081,0.0018475750577367205,0.0018475750577367205,0.0013856812933025404,0.003233256351039261,0.0,0.0023094688221709007,0.0009237875288683603,0.002771362586605081,0.003695150115473441,0.0013856812933025404,0.00046189376443418013,0.006928406466512702,0.0018475750577367205,0.0023094688221709007,0.0018475750577367205,0.007852193995381063,0.0018475750577367205,0.003695150115473441,0.0018475750577367205,0.0013856812933025404,0.004157043879907622,0.0023094688221709007,0.0018475750577367205,0.0018475750577367205,0.004618937644341801,0.0023094688221709007,0.00046189376443418013,0.003233256351039261,0.0009237875288683603,0.00046189376443418013,0.0013856812933025404,0.002771362586605081,0.003233256351039261,0.0009237875288683603,0.0023094688221709007,0.0013856812933025404,0.003695150115473441,0.003695150115473441,0.0023094688221709007,0.00046189376443418013,0.0018475750577367205,0.00046189376443418013,0.003695150115473441,0.0009237875288683603,0.0,0.0023094688221709007,0.0018475750577367205,0.006004618937644342,0.003233256351039261,0.0013856812933025404,0.00046189376443418013,0.0018475750577367205,0.0013856812933025404,0.0023094688221709007,0.0013856812933025404,0.00046189376443418013,0.0023094688221709007,0.0,0.004618937644341801,0.0013856812933025404,0.0009237875288683603,0.0018475750577367205,0.0018475750577367205,0.0018475750577367205,0.00046189376443418013,0.0,0.0013856812933025404,0.00046189376443418013,0.0023094688221709007,0.002771362586605081,0.0013856812933025404,0.00046189376443418013,0.00046189376443418013,0.0009237875288683603,0.00046189376443418013,0.0009237875288683603,0.0,0.0009237875288683603,0.0013856812933025404,0.0018475750577367205,0.006004618937644342,0.0013856812933025404,0.0009237875288683603,0.003233256351039261,0.0009237875288683603,0.0018475750577367205,0.003233256351039261,0.002771362586605081,0.0,0.003695150115473441,0.0,0.0,0.0018475750577367205,0.0013856812933025404,0.0,0.00046189376443418013,0.003695150115473441,0.00046189376443418013,0.0023094688221709007,0.004157043879907622,0.00046189376443418013,0.002771362586605081,0.0009237875288683603,0.003233256351039261,0.00046189376443418013,0.0,0.0013856812933025404,0.0,0.0013856812933025404,0.0009237875288683603,0.003233256351039261,0.008775981524249422,0.0018475750577367205,0.00046189376443418013,0.0009237875288683603,0.006466512702078522,0.0009237875288683603,0.0009237875288683603,0.00046189376443418013,0.0009237875288683603,0.0013856812933025404,0.003233256351039261,0.004157043879907622,0.0,0.002771362586605081,0.00046189376443418013,0.0023094688221709007,0.0,0.00046189376443418013,0.00046189376443418013,0.0013856812933025404,0.0,0.0013856812933025404,0.0018475750577367205,0.0,0.0013856812933025404,0.0023094688221709007,0.0023094688221709007,0.00046189376443418013,0.003233256351039261,0.00046189376443418013,0.0018475750577367205,0.0009237875288683603,0.0018475750577367205,0.002771362586605081,0.0018475750577367205,0.0018475750577367205,0.002771362586605081,0.0,0.0,0.0013856812933025404,0.003233256351039261,0.0023094688221709007,0.006004618937644342,0.004157043879907622,0.00046189376443418013,0.0023094688221709007,0.00046189376443418013,0.0,0.006004618937644342,0.0013856812933025404,0.0018475750577367205,0.0023094688221709007,0.0023094688221709007,0.004157043879907622,0.005542725173210162,0.002771362586605081,0.0009237875288683603,0.0,0.003695150115473441,0.0013856812933025404,0.0023094688221709007,0.0013856812933025404,0.0013856812933025404,0.003233256351039261,0.00046189376443418013,0.003695150115473441,0.00046189376443418013,0.003695150115473441,0.0023094688221709007,0.002771362586605081,0.0013856812933025404,0.00046189376443418013,0.00046189376443418013,0.0018475750577367205,0.004618937644341801,0.0018475750577367205,0.0023094688221709007,0.0013856812933025404,0.003233256351039261,0.003695150115473441,0.002771362586605081,0.0013856812933025404,0.0023094688221709007,0.0018475750577367205,0.002771362586605081,0.0018475750577367205,0.0023094688221709007,0.003233256351039261,0.004157043879907622,0.00046189376443418013,0.0018475750577367205,0.0013856812933025404,0.0018475750577367205,0.0,0.004157043879907622,0.004157043879907622,0.002771362586605081,0.0009237875288683603,0.0,0.003695150115473441,0.0018475750577367205,0.0,0.0013856812933025404,0.0009237875288683603,0.0013856812933025404,0.0013856812933025404,0.0023094688221709007,0.004157043879907622,0.0009237875288683603,0.0023094688221709007,0.0,0.005080831408775982,0.0023094688221709007,0.0,0.0009237875288683603,0.00046189376443418013,0.0018475750577367205,0.00046189376443418013,0.005080831408775982,0.0009237875288683603,0.0018475750577367205,0.0018475750577367205,0.0023094688221709007,0.0013856812933025404,0.0013856812933025404,0.0,0.0013856812933025404,0.0009237875288683603,0.0013856812933025404,0.0009237875288683603,0.0018475750577367205,0.0009237875288683603,0.006928406466512702,0.002771362586605081,0.0018475750577367205,0.004618937644341801,0.003695150115473441,0.0018475750577367205,0.0023094688221709007,0.0013856812933025404,0.002771362586605081,0.0009237875288683603,0.0009237875288683603,0.00046189376443418013,0.0018475750577367205,0.0013856812933025404,0.0018475750577367205,0.00046189376443418013,0.0013856812933025404,0.002771362586605081,0.003233256351039261,0.0018475750577367205,0.00046189376443418013,0.0018475750577367205,0.0,0.003233256351039261,0.0018475750577367205,0.0018475750577367205,0.004157043879907622,0.0,0.00046189376443418013,0.00046189376443418013,0.0023094688221709007,0.0018475750577367205,0.0013856812933025404,0.0,0.0013856812933025404,0.006004618937644342,0.0009237875288683603,0.0013856812933025404,0.005080831408775982,0.0,0.0013856812933025404,0.004618937644341801,0.0,0.00046189376443418013,0.0009237875288683603,0.0009237875288683603,0.002771362586605081,0.00046189376443418013,0.003695150115473441,0.003233256351039261,0.003233256351039261,0.0023094688221709007,0.00046189376443418013,0.0009237875288683603,0.0009237875288683603,0.0013856812933025404,0.00046189376443418013,0.0013856812933025404,0.00046189376443418013,0.0,0.0,0.0009237875288683603,0.0,0.00046189376443418013,0.003695150115473441,0.0018475750577367205,0.0009237875288683603,0.00046189376443418013,0.0009237875288683603,0.00046189376443418013,0.003233256351039261,0.0013856812933025404,0.003695150115473441,0.0013856812933025404,0.005542725173210162,0.00046189376443418013,0.003233256351039261,0.002771362586605081,0.0,0.0018475750577367205,0.003233256351039261,0.0023094688221709007,0.0018475750577367205,0.0,0.0023094688221709007,0.0018475750577367205,0.003695150115473441,0.00046189376443418013,0.003233256351039261,0.0009237875288683603,0.0009237875288683603,0.003695150115473441,0.0013856812933025404,0.0013856812933025404,0.003233256351039261,0.0018475750577367205,0.0,0.003233256351039261,0.002771362586605081,0.00046189376443418013,0.0023094688221709007,0.003233256351039261,0.0009237875288683603,0.00046189376443418013,0.0023094688221709007,0.0023094688221709007,0.0013856812933025404,0.0,0.002771362586605081,0.00046189376443418013,0.0009237875288683603,0.0018475750577367205,0.0013856812933025404,0.003233256351039261,0.004618937644341801,0.00046189376443418013,0.0023094688221709007,0.0,0.00046189376443418013,0.002771362586605081,0.0013856812933025404,0.0013856812933025404,0.0013856812933025404,0.002771362586605081,0.00046189376443418013,0.0,0.0009237875288683603,0.00046189376443418013,0.002771362586605081,0.003233256351039261,0.005080831408775982,0.004618937644341801,0.0,0.0013856812933025404,0.004618937644341801,0.0013856812933025404,0.0009237875288683603,0.002771362586605081,0.002771362586605081,0.0018475750577367205,0.004618937644341801,0.0013856812933025404,0.004157043879907622,0.0013856812933025404,0.003695150115473441,0.002771362586605081,0.0018475750577367205,0.0023094688221709007,0.0023094688221709007,0.0013856812933025404,0.0018475750577367205,0.005542725173210162,0.007390300230946882,0.0023094688221709007,0.0009237875288683603,0.0013856812933025404,0.0013856812933025404,0.003695150115473441,0.0013856812933025404,0.002771362586605081,0.0013856812933025404,0.0009237875288683603,0.00046189376443418013,0.0018475750577367205,0.004618937644341801,0.0018475750577367205,0.0013856812933025404,0.0009237875288683603,0.0,0.00046189376443418013,0.002771362586605081,0.0013856812933025404,0.00046189376443418013,0.0,0.002771362586605081,0.0,0.0013856812933025404,0.0023094688221709007,0.0023094688221709007,0.0023094688221709007,0.0023094688221709007,0.0023094688221709007,0.0,0.00046189376443418013,0.0013856812933025404,0.0018475750577367205,0.0023094688221709007,0.0009237875288683603,0.0018475750577367205,0.0018475750577367205,0.0013856812933025404,0.005080831408775982,0.0023094688221709007,0.00046189376443418013
1804lateDisease3,0.0016901408450704226,0.0022535211267605635,0.0016901408450704226,0.0022535211267605635,0.0016901408450704226,0.0,0.0022535211267605635,0.0016901408450704226,0.007323943661971831,0.0,0.0028169014084507044,0.0022535211267605635,0.005633802816901409,0.0022535211267605635,0.0011267605633802818,0.004507042253521127,0.0005633802816901409,0.0005633802816901409,0.0028169014084507044,0.0016901408450704226,0.0011267605633802818,0.0028169014084507044,0.003943661971830986,0.003943661971830986,0.0,0.0,0.0016901408450704226,0.0022535211267605635,0.0022535211267605635,0.0016901408450704226,0.0,0.0028169014084507044,0.007887323943661971,0.0005633802816901409,0.0016901408450704226,0.0022535211267605635,0.0028169014084507044,0.0005633802816901409,0.0005633802816901409,0.0011267605633802818,0.0005633802816901409,0.0028169014084507044,0.0,0.0016901408450704226,0.0028169014084507044,0.0028169014084507044,0.0,0.0016901408450704226,0.004507042253521127,0.0022535211267605635,0.0028169014084507044,0.0011267605633802818,0.0,0.0005633802816901409,0.0022535211267605635,0.0005633802816901409,0.0011267605633802818,0.0011267605633802818,0.0016901408450704226,0.0016901408450704226,0.0005633802816901409,0.003943661971830986,0.0033802816901408453,0.0011267605633802818,0.0005633802816901409,0.0005633802816901409,0.005633802816901409,0.0022535211267605635,0.0011267605633802818,0.0,0.0011267605633802818,0.0,0.0016901408450704226,0.0,0.0016901408450704226,0.0011267605633802818,0.0011267605633802818,0.0022535211267605635,0.0016901408450704226,0.0022535211267605635,0.0011267605633802818,0.0016901408450704226,0.0005633802816901409,0.0016901408450704226,0.0,0.0028169014084507044,0.0005633802816901409,0.0011267605633802818,0.0016901408450704226,0.0028169014084507044,0.0011267605633802818,0.0033802816901408453,0.0,0.0033802816901408453,0.0005633802816901409,0.0050704225352112674,0.0005633802816901409,0.0011267605633802818,0.0011267605633802818,0.0016901408450704226,0.0022535211267605635,0.0016901408450704226,0.0016901408450704226,0.0022535211267605635,0.0011267605633802818,0.0028169014084507044,0.0,0.0,0.006197183098591549,0.0005633802816901409,0.0033802816901408453,0.0016901408450704226,0.0022535211267605635,0.0011267605633802818,0.003943661971830986,0.0022535211267605635,0.0005633802816901409,0.0050704225352112674,0.0011267605633802818,0.0016901408450704226,0.0011267605633802818,0.0016901408450704226,0.0,0.003943661971830986,0.0050704225352112674,0.0,0.0005633802816901409,0.003943661971830986,0.0022535211267605635,0.0028169014084507044,0.0022535211267605635,0.0,0.003943661971830986,0.0011267605633802818,0.0005633802816901409,0.0016901408450704226,0.0011267605633802818,0.0,0.0022535211267605635,0.0005633802816901409,0.0011267605633802818,0.0016901408450704226,0.0028169014084507044,0.0011267605633802818,0.005633802816901409,0.0033802816901408453,0.0016901408450704226,0.003943661971830986,0.0011267605633802818,0.0033802816901408453,0.0028169014084507044,0.003943661971830986,0.0022535211267605635,0.0005633802816901409,0.0022535211267605635,0.0016901408450704226,0.0033802816901408453,0.0005633802816901409,0.0022535211267605635,0.0016901408450704226,0.0011267605633802818,0.0016901408450704226,0.0,0.0022535211267605635,0.0011267605633802818,0.0022535211267605635,0.0022535211267605635,0.0005633802816901409,0.0022535211267605635,0.0022535211267605635,0.003943661971830986,0.0,0.0033802816901408453,0.0028169014084507044,0.0033802816901408453,0.0011267605633802818,0.0011267605633802818,0.0011267605633802818,0.006197183098591549,0.0011267605633802818,0.0050704225352112674,0.0005633802816901409,0.0,0.003943661971830986,0.0028169014084507044,0.0067605633802816905,0.0005633802816901409,0.0022535211267605635,0.0016901408450704226,0.0028169014084507044,0.0033802816901408453,0.0011267605633802818,0.0005633802816901409,0.0016901408450704226,0.0005633802816901409,0.0028169014084507044,0.0011267605633802818,0.0011267605633802818,0.0005633802816901409,0.0016901408450704226,0.0016901408450704226,0.0016901408450704226,0.0016901408450704226,0.0011267605633802818,0.003943661971830986,0.0022535211267605635,0.0011267605633802818,0.0028169014084507044,0.0022535211267605635,0.003943661971830986,0.0011267605633802818,0.0022535211267605635,0.0022535211267605635,0.0022535211267605635,0.003943661971830986,0.0022535211267605635,0.0033802816901408453,0.0022535211267605635,0.0028169014084507044,0.0022535211267605635,0.0022535211267605635,0.0033802816901408453,0.0022535211267605635,0.0028169014084507044,0.0005633802816901409,0.0005633802816901409,0.003943661971830986,0.0011267605633802818,0.0033802816901408453,0.0011267605633802818,0.0005633802816901409,0.0028169014084507044,0.0022535211267605635,0.005633802816901409,0.0,0.0,0.0022535211267605635,0.0033802816901408453,0.0005633802816901409,0.0005633802816901409,0.0,0.0028169014084507044,0.0016901408450704226,0.0,0.0011267605633802818,0.0005633802816901409,0.0011267605633802818,0.0022535211267605635,0.0016901408450704226,0.0,0.0016901408450704226,0.003943661971830986,0.0005633802816901409,0.0022535211267605635,0.0022535211267605635,0.0011267605633802818,0.0011267605633802818,0.0028169014084507044,0.0033802816901408453,0.0005633802816901409,0.0022535211267605635,0.0011267605633802818,0.0,0.0005633802816901409,0.0022535211267605635,0.0005633802816901409,0.0011267605633802818,0.003943661971830986,0.0033802816901408453,0.0016901408450704226,0.0011267605633802818,0.0016901408450704226,0.003943661971830986,0.0016901408450704226,0.0005633802816901409,0.0011267605633802818,0.0011267605633802818,0.0016901408450704226,0.0016901408450704226,0.0028169014084507044,0.0011267605633802818,0.0016901408450704226,0.0011267605633802818,0.0022535211267605635,0.0016901408450704226,0.0016901408450704226,0.0022535211267605635,0.0016901408450704226,0.0033802816901408453,0.0005633802816901409,0.0016901408450704226,0.003943661971830986,0.0016901408450704226,0.0,0.0022535211267605635,0.0005633802816901409,0.0022535211267605635,0.0022535211267605635,0.0028169014084507044,0.0,0.0,0.0033802816901408453,0.0016901408450704226,0.0016901408450704226,0.0016901408450704226,0.0028169014084507044,0.0022535211267605635,0.0033802816901408453,0.0028169014084507044,0.0011267605633802818,0.0022535211267605635,0.0022535211267605635,0.0011267605633802818,0.0011267605633802818,0.0011267605633802818,0.003943661971830986,0.0028169014084507044,0.0005633802816901409,0.0,0.0005633802816901409,0.0011267605633802818,0.0028169014084507044,0.0022535211267605635,0.003943661971830986,0.0022535211267605635,0.0,0.0016901408450704226,0.0005633802816901409,0.0022535211267605635,0.0050704225352112674,0.0005633802816901409,0.0022535211267605635,0.0016901408450704226,0.0033802816901408453,0.0022535211267605635,0.0005633802816901409,0.0005633802816901409,0.0011267605633802818,0.0050704225352112674,0.003943661971830986,0.0028169014084507044,0.0028169014084507044,0.0033802816901408453,0.0011267605633802818,0.0011267605633802818,0.0,0.0016901408450704226,0.0022535211267605635,0.0016901408450704226,0.0033802816901408453,0.0,0.0,0.0028169014084507044,0.0011267605633802818,0.0016901408450704226,0.0011267605633802818,0.0016901408450704226,0.0022535211267605635,0.0033802816901408453,0.0,0.0022535211267605635,0.0033802816901408453,0.0005633802816901409,0.0033802816901408453,0.0011267605633802818,0.0011267605633802818,0.0022535211267605635,0.0022535211267605635,0.0011267605633802818,0.0028169014084507044,0.0011267605633802818,0.0016901408450704226,0.0011267605633802818,0.0028169014084507044,0.0016901408450704226,0.0033802816901408453,0.0033802816901408453,0.0005633802816901409,0.0028169014084507044,0.0022535211267605635,0.0028169014084507044,0.0028169014084507044,0.0022535211267605635,0.0016901408450704226,0.0005633802816901409,0.0011267605633802818,0.0028169014084507044,0.0011267605633802818,0.0022535211267605635,0.0050704225352112674,0.0011267605633802818,0.0005633802816901409,0.0,0.0050704225352112674,0.0,0.0028169014084507044,0.0028169014084507044,0.0011267605633802818,0.0005633802816901409,0.0016901408450704226,0.0005633802816901409,0.0016901408450704226,0.0028169014084507044,0.0022535211267605635,0.0,0.0022535211267605635,0.0,0.0011267605633802818,0.0028169014084507044,0.003943661971830986,0.0028169014084507044,0.0011267605633802818,0.0,0.0022535211267605635,0.0050704225352112674,0.0022535211267605635,0.0016901408450704226,0.0050704225352112674,0.0011267605633802818,0.0028169014084507044,0.005633802816901409,0.0022535211267605635,0.0022535211267605635,0.0005633802816901409,0.0028169014084507044,0.0005633802816901409,0.0033802816901408453,0.0022535211267605635,0.004507042253521127,0.0022535211267605635,0.0005633802816901409,0.0016901408450704226,0.0005633802816901409,0.0033802816901408453,0.004507042253521127,0.0016901408450704226,0.004507042253521127,0.0011267605633802818,0.0016901408450704226,0.004507042253521127,0.0016901408450704226,0.0016901408450704226,0.0011267605633802818,0.0028169014084507044,0.004507042253521127,0.0022535211267605635,0.0016901408450704226,0.0011267605633802818,0.0011267605633802818,0.0016901408450704226,0.0011267605633802818,0.0011267605633802818,0.0022535211267605635,0.0033802816901408453,0.0005633802816901409,0.0022535211267605635,0.0005633802816901409,0.0022535211267605635,0.0,0.0016901408450704226,0.0,0.0,0.0,0.0033802816901408453,0.0028169014084507044,0.003943661971830986,0.0016901408450704226,0.0011267605633802818,0.0050704225352112674,0.0,0.0005633802816901409,0.0022535211267605635,0.0,0.005633802816901409,0.004507042253521127,0.0005633802816901409,0.0022535211267605635,0.0033802816901408453,0.0022535211267605635,0.0005633802816901409,0.0016901408450704226,0.0028169014084507044,0.0016901408450704226,0.0005633802816901409,0.0050704225352112674,0.0011267605633802818,0.0016901408450704226,0.0022535211267605635,0.0033802816901408453,0.003943661971830986,0.0028169014084507044,0.0016901408450704226,0.0011267605633802818,0.0022535211267605635,0.0022535211267605635,0.0028169014084507044,0.0005633802816901409,0.0016901408450704226,0.0028169014084507044,0.0067605633802816905,0.0028169014084507044,0.0016901408450704226,0.0011267605633802818,0.0005633802816901409,0.0016901408450704226,0.0016901408450704226,0.0022535211267605635,0.0016901408450704226,0.0005633802816901409,0.0,0.0011267605633802818,0.0011267605633802818
1803lateDisease7,0.0017785682525566918,0.0022232103156958646,0.00044464206313917296,0.0008892841262783459,0.0013339261894175188,0.0,0.0026678523788350376,0.0008892841262783459,0.0,0.00044464206313917296,0.0022232103156958646,0.0013339261894175188,0.0035571365051133837,0.0031124944419742106,0.004446420631391729,0.0013339261894175188,0.0026678523788350376,0.0008892841262783459,0.0013339261894175188,0.0013339261894175188,0.0013339261894175188,0.0017785682525566918,0.0008892841262783459,0.00044464206313917296,0.00044464206313917296,0.0,0.0022232103156958646,0.0008892841262783459,0.0026678523788350376,0.0008892841262783459,0.0,0.0017785682525566918,0.006669630947087594,0.0026678523788350376,0.0013339261894175188,0.0035571365051133837,0.0013339261894175188,0.0008892841262783459,0.00044464206313917296,0.0017785682525566918,0.0,0.0026678523788350376,0.0,0.0035571365051133837,0.0008892841262783459,0.0013339261894175188,0.0017785682525566918,0.00044464206313917296,0.0017785682525566918,0.0017785682525566918,0.004446420631391729,0.0017785682525566918,0.0,0.0022232103156958646,0.0031124944419742106,0.0022232103156958646,0.00044464206313917296,0.0013339261894175188,0.0026678523788350376,0.0,0.0008892841262783459,0.0022232103156958646,0.0017785682525566918,0.0022232103156958646,0.0017785682525566918,0.0031124944419742106,0.0008892841262783459,0.00044464206313917296,0.0013339261894175188,0.0,0.0017785682525566918,0.0,0.004446420631391729,0.0008892841262783459,0.00044464206313917296,0.0008892841262783459,0.0035571365051133837,0.0013339261894175188,0.0013339261894175188,0.0026678523788350376,0.0013339261894175188,0.0008892841262783459,0.0008892841262783459,0.0022232103156958646,0.0,0.0017785682525566918,0.00044464206313917296,0.0026678523788350376,0.0013339261894175188,0.0026678523788350376,0.0022232103156958646,0.0008892841262783459,0.0,0.0008892841262783459,0.0026678523788350376,0.00044464206313917296,0.0013339261894175188,0.00044464206313917296,0.0026678523788350376,0.0035571365051133837,0.0026678523788350376,0.0,0.0022232103156958646,0.0013339261894175188,0.00044464206313917296,0.0026678523788350376,0.0017785682525566918,0.00044464206313917296,0.0031124944419742106,0.0017785682525566918,0.004891062694530902,0.0022232103156958646,0.0031124944419742106,0.0017785682525566918,0.0022232103156958646,0.00044464206313917296,0.0,0.0013339261894175188,0.0013339261894175188,0.0017785682525566918,0.0031124944419742106,0.00044464206313917296,0.0,0.0031124944419742106,0.0022232103156958646,0.00044464206313917296,0.0013339261894175188,0.004891062694530902,0.0017785682525566918,0.005335704757670075,0.0022232103156958646,0.0,0.005335704757670075,0.0022232103156958646,0.0035571365051133837,0.0008892841262783459,0.004001778568252557,0.0008892841262783459,0.0022232103156958646,0.00044464206313917296,0.0008892841262783459,0.0008892841262783459,0.0013339261894175188,0.0017785682525566918,0.0017785682525566918,0.0022232103156958646,0.0013339261894175188,0.004891062694530902,0.0035571365051133837,0.0022232103156958646,0.0035571365051133837,0.0031124944419742106,0.0022232103156958646,0.0013339261894175188,0.0022232103156958646,0.0022232103156958646,0.0017785682525566918,0.0026678523788350376,0.00044464206313917296,0.0017785682525566918,0.0026678523788350376,0.0017785682525566918,0.0,0.0031124944419742106,0.0022232103156958646,0.0013339261894175188,0.005780346820809248,0.00044464206313917296,0.00044464206313917296,0.005335704757670075,0.00755891507336594,0.00044464206313917296,0.004446420631391729,0.0008892841262783459,0.0008892841262783459,0.0,0.0035571365051133837,0.00044464206313917296,0.0035571365051133837,0.0008892841262783459,0.00755891507336594,0.0013339261894175188,0.0,0.0022232103156958646,0.0035571365051133837,0.0026678523788350376,0.0013339261894175188,0.0022232103156958646,0.0008892841262783459,0.005335704757670075,0.004446420631391729,0.0022232103156958646,0.0,0.004446420631391729,0.0008892841262783459,0.004446420631391729,0.00044464206313917296,0.0008892841262783459,0.0022232103156958646,0.0013339261894175188,0.0022232103156958646,0.0,0.0013339261894175188,0.0008892841262783459,0.0017785682525566918,0.0017785682525566918,0.0022232103156958646,0.0026678523788350376,0.00044464206313917296,0.0013339261894175188,0.0026678523788350376,0.0008892841262783459,0.0035571365051133837,0.0013339261894175188,0.0013339261894175188,0.0017785682525566918,0.0013339261894175188,0.0026678523788350376,0.0022232103156958646,0.004891062694530902,0.0008892841262783459,0.0013339261894175188,0.0022232103156958646,0.0031124944419742106,0.0013339261894175188,0.0,0.0026678523788350376,0.0031124944419742106,0.0,0.00044464206313917296,0.0013339261894175188,0.0017785682525566918,0.0022232103156958646,0.0026678523788350376,0.0,0.0017785682525566918,0.0013339261894175188,0.0008892841262783459,0.00044464206313917296,0.0013339261894175188,0.0,0.0017785682525566918,0.0017785682525566918,0.0022232103156958646,0.0,0.0008892841262783459,0.0013339261894175188,0.0022232103156958646,0.0022232103156958646,0.0017785682525566918,0.00044464206313917296,0.004446420631391729,0.0008892841262783459,0.00044464206313917296,0.005335704757670075,0.0013339261894175188,0.00044464206313917296,0.0017785682525566918,0.0026678523788350376,0.0017785682525566918,0.0026678523788350376,0.0026678523788350376,0.0,0.0026678523788350376,0.0008892841262783459,0.0013339261894175188,0.0013339261894175188,0.00044464206313917296,0.0022232103156958646,0.0008892841262783459,0.0022232103156958646,0.0013339261894175188,0.0026678523788350376,0.0031124944419742106,0.004001778568252557,0.00044464206313917296,0.0013339261894175188,0.0017785682525566918,0.0022232103156958646,0.005335704757670075,0.0035571365051133837,0.0035571365051133837,0.0008892841262783459,0.0017785682525566918,0.0022232103156958646,0.00044464206313917296,0.0022232103156958646,0.0022232103156958646,0.0022232103156958646,0.0008892841262783459,0.0022232103156958646,0.0022232103156958646,0.0022232103156958646,0.0,0.0022232103156958646,0.0013339261894175188,0.0031124944419742106,0.0013339261894175188,0.0022232103156958646,0.0008892841262783459,0.0013339261894175188,0.0008892841262783459,0.0026678523788350376,0.0022232103156958646,0.0031124944419742106,0.0022232103156958646,0.0017785682525566918,0.0017785682525566918,0.0013339261894175188,0.0022232103156958646,0.00044464206313917296,0.0026678523788350376,0.0031124944419742106,0.004446420631391729,0.0013339261894175188,0.00044464206313917296,0.005335704757670075,0.0013339261894175188,0.00044464206313917296,0.00044464206313917296,0.0008892841262783459,0.0026678523788350376,0.0031124944419742106,0.0008892841262783459,0.004001778568252557,0.0013339261894175188,0.0017785682525566918,0.0008892841262783459,0.004001778568252557,0.004891062694530902,0.0008892841262783459,0.0017785682525566918,0.0013339261894175188,0.0026678523788350376,0.0022232103156958646,0.0013339261894175188,0.0031124944419742106,0.0017785682525566918,0.0035571365051133837,0.0013339261894175188,0.004891062694530902,0.0031124944419742106,0.0017785682525566918,0.0008892841262783459,0.00044464206313917296,0.0013339261894175188,0.00044464206313917296,0.0022232103156958646,0.0013339261894175188,0.0017785682525566918,0.006224988883948421,0.004001778568252557,0.0013339261894175188,0.0,0.00044464206313917296,0.00044464206313917296,0.0013339261894175188,0.0035571365051133837,0.0026678523788350376,0.0017785682525566918,0.0035571365051133837,0.004446420631391729,0.004001778568252557,0.0035571365051133837,0.0022232103156958646,0.0008892841262783459,0.0013339261894175188,0.0035571365051133837,0.0008892841262783459,0.004891062694530902,0.0017785682525566918,0.0013339261894175188,0.0013339261894175188,0.004446420631391729,0.0035571365051133837,0.00044464206313917296,0.005335704757670075,0.0017785682525566918,0.0035571365051133837,0.0035571365051133837,0.0026678523788350376,0.0008892841262783459,0.0013339261894175188,0.0013339261894175188,0.0,0.00044464206313917296,0.0008892841262783459,0.0013339261894175188,0.004001778568252557,0.005335704757670075,0.0026678523788350376,0.0022232103156958646,0.0,0.0008892841262783459,0.0,0.0026678523788350376,0.0022232103156958646,0.0026678523788350376,0.0022232103156958646,0.00044464206313917296,0.006224988883948421,0.006224988883948421,0.004446420631391729,0.0031124944419742106,0.0,0.0026678523788350376,0.0,0.0013339261894175188,0.005335704757670075,0.0013339261894175188,0.00044464206313917296,0.0031124944419742106,0.0,0.0013339261894175188,0.004446420631391729,0.0008892841262783459,0.0017785682525566918,0.0026678523788350376,0.0,0.0026678523788350376,0.0013339261894175188,0.0013339261894175188,0.0,0.0,0.0017785682525566918,0.006224988883948421,0.0022232103156958646,0.0022232103156958646,0.0026678523788350376,0.0017785682525566918,0.00044464206313917296,0.0008892841262783459,0.0,0.0031124944419742106,0.0022232103156958646,0.0022232103156958646,0.00044464206313917296,0.0017785682525566918,0.0022232103156958646,0.0017785682525566918,0.0013339261894175188,0.0022232103156958646,0.0013339261894175188,0.006669630947087594,0.004891062694530902,0.0013339261894175188,0.0022232103156958646,0.00044464206313917296,0.0013339261894175188,0.0013339261894175188,0.0008892841262783459,0.0031124944419742106,0.0013339261894175188,0.0026678523788350376,0.0022232103156958646,0.0013339261894175188,0.0017785682525566918,0.0008892841262783459,0.00044464206313917296,0.0017785682525566918,0.0,0.0017785682525566918,0.0,0.004891062694530902,0.0022232103156958646,0.0013339261894175188,0.005335704757670075,0.0008892841262783459,0.0022232103156958646,0.0013339261894175188,0.0026678523788350376,0.0013339261894175188,0.0008892841262783459,0.004001778568252557,0.0026678523788350376,0.0022232103156958646,0.0013339261894175188,0.004446420631391729,0.004891062694530902,0.004446420631391729,0.0013339261894175188,0.0017785682525566918,0.0026678523788350376,0.0013339261894175188,0.004446420631391729,0.0026678523788350376,0.0,0.0008892841262783459,0.0013339261894175188,0.004446420631391729,0.0026678523788350376,0.0013339261894175188,0.0017785682525566918,0.0026678523788350376,0.0013339261894175188,0.0017785682525566918,0.0017785682525566918,0.0008892841262783459,0.0017785682525566918,0.006224988883948421,0.0026678523788350376,0.0008892841262783459,0.0017785682525566918,0.0013339261894175188,0.0031124944419742106,0.0017785682525566918,0.0017785682525566918,0.0013339261894175188,0.0013339261894175188,0.0,0.0008892841262783459,0.0013339261894175188
1793ready86,0.0013651877133105802,0.0020477815699658703,0.0020477815699658703,0.0013651877133105802,0.0034129692832764505,0.006825938566552901,0.0,0.0034129692832764505,0.006825938566552901,0.0034129692832764505,0.0006825938566552901,0.0006825938566552901,0.010238907849829351,0.0,0.0006825938566552901,0.0013651877133105802,0.0,0.0013651877133105802,0.004095563139931741,0.0,0.0061433447098976105,0.0,0.0,0.0020477815699658703,0.0013651877133105802,0.0020477815699658703,0.0006825938566552901,0.0020477815699658703,0.0006825938566552901,0.0013651877133105802,0.0027303754266211604,0.0013651877133105802,0.004095563139931741,0.0,0.0006825938566552901,0.0,0.012286689419795221,0.0006825938566552901,0.0020477815699658703,0.0006825938566552901,0.0,0.0006825938566552901,0.008191126279863481,0.0006825938566552901,0.0061433447098976105,0.0013651877133105802,0.0020477815699658703,0.0034129692832764505,0.0013651877133105802,0.0027303754266211604,0.0,0.0013651877133105802,0.004095563139931741,0.0020477815699658703,0.0013651877133105802,0.0,0.0020477815699658703,0.0,0.0027303754266211604,0.004095563139931741,0.0027303754266211604,0.0,0.0006825938566552901,0.0006825938566552901,0.0,0.0006825938566552901,0.0027303754266211604,0.0034129692832764505,0.0034129692832764505,0.004095563139931741,0.0061433447098976105,0.007508532423208191,0.0006825938566552901,0.0027303754266211604,0.0020477815699658703,0.0020477815699658703,0.0027303754266211604,0.0027303754266211604,0.0,0.0034129692832764505,0.0006825938566552901,0.0034129692832764505,0.0020477815699658703,0.0013651877133105802,0.007508532423208191,0.0006825938566552901,0.012286689419795221,0.0027303754266211604,0.0006825938566552901,0.0006825938566552901,0.0,0.0020477815699658703,0.0013651877133105802,0.0013651877133105802,0.0020477815699658703,0.008873720136518772,0.0006825938566552901,0.0013651877133105802,0.0013651877133105802,0.00477815699658703,0.0013651877133105802,0.0020477815699658703,0.0027303754266211604,0.0013651877133105802,0.0061433447098976105,0.0027303754266211604,0.0013651877133105802,0.0013651877133105802,0.0027303754266211604,0.0,0.0013651877133105802,0.0006825938566552901,0.0006825938566552901,0.0027303754266211604,0.0013651877133105802,0.0027303754266211604,0.0027303754266211604,0.0,0.004095563139931741,0.0006825938566552901,0.0006825938566552901,0.0020477815699658703,0.0013651877133105802,0.0,0.0006825938566552901,0.0027303754266211604,0.0027303754266211604,0.0034129692832764505,0.010921501706484642,0.0,0.0,0.0013651877133105802,0.0,0.0006825938566552901,0.0,0.0020477815699658703,0.0013651877133105802,0.0013651877133105802,0.0034129692832764505,0.00477815699658703,0.0027303754266211604,0.0020477815699658703,0.0,0.0006825938566552901,0.0034129692832764505,0.0,0.0013651877133105802,0.0013651877133105802,0.0006825938566552901,0.0006825938566552901,0.0006825938566552901,0.0006825938566552901,0.0,0.005460750853242321,0.0034129692832764505,0.0006825938566552901,0.0034129692832764505,0.0006825938566552901,0.0013651877133105802,0.0020477815699658703,0.0013651877133105802,0.0,0.010921501706484642,0.0,0.0,0.0,0.0,0.0013651877133105802,0.0020477815699658703,0.0,0.0,0.0006825938566552901,0.0,0.0013651877133105802,0.0061433447098976105,0.0020477815699658703,0.0027303754266211604,0.0020477815699658703,0.0034129692832764505,0.0013651877133105802,0.0,0.0,0.0027303754266211604,0.0013651877133105802,0.0006825938566552901,0.0034129692832764505,0.0006825938566552901,0.004095563139931741,0.0013651877133105802,0.0,0.008191126279863481,0.0013651877133105802,0.0,0.0,0.0034129692832764505,0.0,0.0006825938566552901,0.004095563139931741,0.0006825938566552901,0.0,0.005460750853242321,0.0013651877133105802,0.006825938566552901,0.0034129692832764505,0.0,0.0020477815699658703,0.0006825938566552901,0.0,0.0013651877133105802,0.0,0.0006825938566552901,0.0020477815699658703,0.004095563139931741,0.0,0.006825938566552901,0.0027303754266211604,0.0,0.0013651877133105802,0.0013651877133105802,0.0020477815699658703,0.0013651877133105802,0.0006825938566552901,0.005460750853242321,0.0,0.0027303754266211604,0.0020477815699658703,0.0,0.0006825938566552901,0.0061433447098976105,0.0,0.0020477815699658703,0.0,0.0,0.0006825938566552901,0.010238907849829351,0.0006825938566552901,0.0,0.0027303754266211604,0.00477815699658703,0.0013651877133105802,0.0027303754266211604,0.004095563139931741,0.0020477815699658703,0.0006825938566552901,0.0013651877133105802,0.0027303754266211604,0.0,0.0027303754266211604,0.0027303754266211604,0.0027303754266211604,0.0013651877133105802,0.0027303754266211604,0.0006825938566552901,0.0027303754266211604,0.00477815699658703,0.0006825938566552901,0.0020477815699658703,0.0,0.0,0.0013651877133105802,0.0,0.0006825938566552901,0.015699658703071672,0.0027303754266211604,0.0,0.0,0.0027303754266211604,0.0006825938566552901,0.0,0.004095563139931741,0.0013651877133105802,0.0,0.0013651877133105802,0.0,0.0,0.0034129692832764505,0.004095563139931741,0.0020477815699658703,0.0006825938566552901,0.0,0.0,0.004095563139931741,0.0027303754266211604,0.0,0.0006825938566552901,0.0034129692832764505,0.0006825938566552901,0.0,0.0,0.0013651877133105802,0.0,0.0020477815699658703,0.0006825938566552901,0.0027303754266211604,0.0,0.0020477815699658703,0.0006825938566552901,0.0013651877133105802,0.0006825938566552901,0.0,0.0,0.0013651877133105802,0.0020477815699658703,0.0020477815699658703,0.0,0.0013651877133105802,0.0006825938566552901,0.0006825938566552901,0.0020477815699658703,0.0027303754266211604,0.0013651877133105802,0.0027303754266211604,0.0006825938566552901,0.0,0.0,0.00477815699658703,0.0006825938566552901,0.00477815699658703,0.0020477815699658703,0.0013651877133105802,0.004095563139931741,0.0,0.0006825938566552901,0.0,0.0006825938566552901,0.0020477815699658703,0.004095563139931741,0.0061433447098976105,0.0,0.0,0.006825938566552901,0.0006825938566552901,0.0027303754266211604,0.0,0.0,0.0006825938566552901,0.0,0.0006825938566552901,0.0027303754266211604,0.0,0.0,0.0027303754266211604,0.00477815699658703,0.0034129692832764505,0.0034129692832764505,0.0,0.005460750853242321,0.0006825938566552901,0.0027303754266211604,0.0,0.0006825938566552901,0.0,0.0027303754266211604,0.010238907849829351,0.0027303754266211604,0.0006825938566552901,0.0020477815699658703,0.0020477815699658703,0.0027303754266211604,0.0034129692832764505,0.0013651877133105802,0.0,0.0,0.0020477815699658703,0.0013651877133105802,0.004095563139931741,0.0027303754266211604,0.0034129692832764505,0.0027303754266211604,0.0,0.0,0.005460750853242321,0.0006825938566552901,0.0,0.0,0.00477815699658703,0.0,0.0006825938566552901,0.0,0.0034129692832764505,0.0,0.0006825938566552901,0.0006825938566552901,0.0013651877133105802,0.0027303754266211604,0.0020477815699658703,0.0027303754266211604,0.0006825938566552901,0.0020477815699658703,0.0061433447098976105,0.0,0.0,0.004095563139931741,0.0020477815699658703,0.007508532423208191,0.0,0.0013651877133105802,0.0,0.0027303754266211604,0.0006825938566552901,0.0013651877133105802,0.0,0.0020477815699658703,0.0006825938566552901,0.0027303754266211604,0.0006825938566552901,0.0013651877133105802,0.00477815699658703,0.0006825938566552901,0.005460750853242321,0.0,0.0061433447098976105,0.0027303754266211604,0.0034129692832764505,0.0,0.0006825938566552901,0.0006825938566552901,0.0006825938566552901,0.0034129692832764505,0.0,0.0013651877133105802,0.0006825938566552901,0.0027303754266211604,0.005460750853242321,0.0,0.0,0.0006825938566552901,0.0006825938566552901,0.0,0.0027303754266211604,0.00477815699658703,0.0020477815699658703,0.019795221843003412,0.0020477815699658703,0.0027303754266211604,0.004095563139931741,0.0020477815699658703,0.0013651877133105802,0.0,0.0,0.0013651877133105802,0.0,0.0027303754266211604,0.0,0.0034129692832764505,0.0,0.0006825938566552901,0.0006825938566552901,0.0,0.0034129692832764505,0.0013651877133105802,0.0,0.0027303754266211604,0.0027303754266211604,0.0020477815699658703,0.004095563139931741,0.0034129692832764505,0.0034129692832764505,0.0013651877133105802,0.004095563139931741,0.0013651877133105802,0.0013651877133105802,0.0013651877133105802,0.004095563139931741,0.004095563139931741,0.0013651877133105802,0.0013651877133105802,0.0013651877133105802,0.0020477815699658703,0.0034129692832764505,0.0,0.0013651877133105802,0.0013651877133105802,0.0,0.0020477815699658703,0.0006825938566552901,0.0027303754266211604,0.0020477815699658703,0.0006825938566552901,0.0006825938566552901,0.0006825938566552901,0.0013651877133105802,0.0006825938566552901,0.0006825938566552901,0.0034129692832764505,0.0006825938566552901,0.0020477815699658703,0.0013651877133105802,0.0013651877133105802,0.0,0.0006825938566552901,0.0006825938566552901,0.0,0.0,0.0027303754266211604,0.0013651877133105802,0.008191126279863481,0.0013651877133105802,0.0006825938566552901,0.0027303754266211604,0.0,0.0006825938566552901,0.0,0.0034129692832764505,0.0034129692832764505,0.0020477815699658703,0.0020477815699658703,0.0,0.005460750853242321,0.0006825938566552901,0.0013651877133105802,0.0013651877133105802
1793ready92,0.0010683760683760685,0.0010683760683760685,0.0010683760683760685,0.002136752136752137,0.0,0.002136752136752137,0.003205128205128205,0.009615384615384616,0.002136752136752137,0.0010683760683760685,0.0010683760683760685,0.0010683760683760685,0.0010683760683760685,0.004273504273504274,0.0010683760683760685,0.0010683760683760685,0.002136752136752137,0.0010683760683760685,0.0010683760683760685,0.003205128205128205,0.0010683760683760685,0.002136752136752137,0.0,0.003205128205128205,0.0,0.0,0.0010683760683760685,0.003205128205128205,0.0010683760683760685,0.0,0.004273504273504274,0.002136752136752137,0.003205128205128205,0.0010683760683760685,0.0,0.002136752136752137,0.004273504273504274,0.0,0.0010683760683760685,0.003205128205128205,0.008547008547008548,0.0,0.002136752136752137,0.0,0.002136752136752137,0.0,0.002136752136752137,0.003205128205128205,0.0,0.0010683760683760685,0.004273504273504274,0.0,0.0,0.003205128205128205,0.0010683760683760685,0.0010683760683760685,0.0010683760683760685,0.002136752136752137,0.002136752136752137,0.0,0.008547008547008548,0.0,0.0,0.0,0.0010683760683760685,0.0010683760683760685,0.0010683760683760685,0.0,0.004273504273504274,0.008547008547008548,0.0,0.0,0.0010683760683760685,0.003205128205128205,0.004273504273504274,0.0,0.002136752136752137,0.0010683760683760685,0.0,0.005341880341880342,0.005341880341880342,0.0,0.0010683760683760685,0.0,0.010683760683760684,0.0,0.002136752136752137,0.0,0.0010683760683760685,0.0010683760683760685,0.0,0.003205128205128205,0.0010683760683760685,0.005341880341880342,0.0010683760683760685,0.0,0.0,0.00641025641025641,0.002136752136752137,0.0,0.002136752136752137,0.00641025641025641,0.0,0.0010683760683760685,0.002136752136752137,0.0,0.002136752136752137,0.007478632478632479,0.0010683760683760685,0.0,0.0010683760683760685,0.0010683760683760685,0.002136752136752137,0.0010683760683760685,0.004273504273504274,0.004273504273504274,0.002136752136752137,0.0,0.007478632478632479,0.0,0.0,0.003205128205128205,0.0010683760683760685,0.007478632478632479,0.002136752136752137,0.003205128205128205,0.004273504273504274,0.0010683760683760685,0.0,0.0010683760683760685,0.002136752136752137,0.0,0.0010683760683760685,0.0,0.0,0.0,0.0,0.004273504273504274,0.0,0.0010683760683760685,0.0010683760683760685,0.0010683760683760685,0.003205128205128205,0.0,0.003205128205128205,0.0010683760683760685,0.0,0.002136752136752137,0.0010683760683760685,0.0,0.0010683760683760685,0.0,0.0010683760683760685,0.0,0.0010683760683760685,0.003205128205128205,0.002136752136752137,0.002136752136752137,0.005341880341880342,0.0010683760683760685,0.016025641025641024,0.0,0.0010683760683760685,0.002136752136752137,0.0010683760683760685,0.0010683760683760685,0.003205128205128205,0.0,0.0,0.004273504273504274,0.0,0.0,0.003205128205128205,0.0010683760683760685,0.003205128205128205,0.002136752136752137,0.0,0.002136752136752137,0.0,0.0,0.004273504273504274,0.0,0.0,0.002136752136752137,0.002136752136752137,0.0010683760683760685,0.0,0.002136752136752137,0.002136752136752137,0.010683760683760684,0.0010683760683760685,0.0,0.0,0.0010683760683760685,0.0,0.0,0.0,0.0,0.0010683760683760685,0.0,0.0010683760683760685,0.0,0.002136752136752137,0.0,0.0,0.0010683760683760685,0.0010683760683760685,0.0,0.0,0.002136752136752137,0.0,0.0,0.0010683760683760685,0.005341880341880342,0.0010683760683760685,0.005341880341880342,0.0010683760683760685,0.003205128205128205,0.005341880341880342,0.0,0.0010683760683760685,0.0,0.0,0.004273504273504274,0.002136752136752137,0.004273504273504274,0.0,0.00641025641025641,0.0010683760683760685,0.0,0.007478632478632479,0.0,0.0010683760683760685,0.005341880341880342,0.005341880341880342,0.0010683760683760685,0.004273504273504274,0.008547008547008548,0.0,0.005341880341880342,0.0010683760683760685,0.002136752136752137,0.0,0.0010683760683760685,0.005341880341880342,0.005341880341880342,0.002136752136752137,0.007478632478632479,0.0,0.002136752136752137,0.003205128205128205,0.003205128205128205,0.0,0.003205128205128205,0.0,0.0010683760683760685,0.0010683760683760685,0.0,0.0010683760683760685,0.002136752136752137,0.004273504273504274,0.021367521367521368,0.002136752136752137,0.0,0.0,0.0,0.0010683760683760685,0.0,0.002136752136752137,0.002136752136752137,0.003205128205128205,0.002136752136752137,0.0010683760683760685,0.0,0.0010683760683760685,0.0010683760683760685,0.002136752136752137,0.0,0.0,0.0010683760683760685,0.011752136752136752,0.0,0.0,0.0,0.010683760683760684,0.0,0.0,0.0,0.003205128205128205,0.002136752136752137,0.002136752136752137,0.004273504273504274,0.0,0.0010683760683760685,0.003205128205128205,0.0,0.004273504273504274,0.0,0.0,0.0,0.003205128205128205,0.0,0.004273504273504274,0.0,0.0,0.005341880341880342,0.0010683760683760685,0.004273504273504274,0.0010683760683760685,0.002136752136752137,0.002136752136752137,0.0,0.0,0.00641025641025641,0.0,0.0,0.0010683760683760685,0.0010683760683760685,0.0010683760683760685,0.0,0.0010683760683760685,0.0010683760683760685,0.0010683760683760685,0.0,0.003205128205128205,0.0,0.002136752136752137,0.0010683760683760685,0.0,0.0010683760683760685,0.0,0.002136752136752137,0.0,0.004273504273504274,0.0010683760683760685,0.003205128205128205,0.0,0.0010683760683760685,0.0,0.0,0.003205128205128205,0.0,0.005341880341880342,0.002136752136752137,0.00641025641025641,0.0,0.002136752136752137,0.003205128205128205,0.0,0.0,0.0,0.0,0.002136752136752137,0.007478632478632479,0.004273504273504274,0.0,0.0,0.005341880341880342,0.004273504273504274,0.008547008547008548,0.007478632478632479,0.0,0.0010683760683760685,0.0010683760683760685,0.0,0.0,0.003205128205128205,0.002136752136752137,0.003205128205128205,0.002136752136752137,0.0,0.0010683760683760685,0.0010683760683760685,0.0,0.0,0.0010683760683760685,0.004273504273504274,0.0010683760683760685,0.0010683760683760685,0.002136752136752137,0.002136752136752137,0.0,0.0,0.0,0.00641025641025641,0.0010683760683760685,0.004273504273504274,0.0,0.0010683760683760685,0.0,0.002136752136752137,0.0,0.008547008547008548,0.003205128205128205,0.003205128205128205,0.004273504273504274,0.0,0.002136752136752137,0.003205128205128205,0.0010683760683760685,0.002136752136752137,0.0010683760683760685,0.00641025641025641,0.0010683760683760685,0.0010683760683760685,0.0010683760683760685,0.0010683760683760685,0.0,0.0010683760683760685,0.009615384615384616,0.0,0.005341880341880342,0.00641025641025641,0.003205128205128205,0.0,0.002136752136752137,0.0010683760683760685,0.0010683760683760685,0.004273504273504274,0.0,0.0,0.003205128205128205,0.002136752136752137,0.0010683760683760685,0.002136752136752137,0.0,0.0010683760683760685,0.002136752136752137,0.002136752136752137,0.010683760683760684,0.0010683760683760685,0.0010683760683760685,0.027777777777777776,0.005341880341880342,0.0,0.003205128205128205,0.002136752136752137,0.0,0.0,0.002136752136752137,0.0,0.0010683760683760685,0.0,0.0,0.002136752136752137,0.0010683760683760685,0.0,0.002136752136752137,0.002136752136752137,0.003205128205128205,0.0,0.0,0.002136752136752137,0.003205128205128205,0.0,0.0010683760683760685,0.0010683760683760685,0.003205128205128205,0.002136752136752137,0.002136752136752137,0.0,0.0,0.0,0.009615384615384616,0.0010683760683760685,0.003205128205128205,0.007478632478632479,0.0010683760683760685,0.0,0.0010683760683760685,0.0,0.0,0.0010683760683760685,0.0,0.002136752136752137,0.0010683760683760685,0.0010683760683760685,0.0,0.0,0.002136752136752137,0.0010683760683760685,0.0010683760683760685,0.0,0.0,0.003205128205128205,0.0010683760683760685,0.003205128205128205,0.0010683760683760685,0.0010683760683760685,0.0,0.0,0.00641025641025641,0.0,0.0,0.002136752136752137,0.002136752136752137,0.0,0.003205128205128205,0.0,0.003205128205128205,0.0,0.0,0.0,0.002136752136752137,0.0,0.00641025641025641,0.00641025641025641,0.0,0.007478632478632479,0.0010683760683760685,0.002136752136752137,0.004273504273504274
1793ready78,0.000856898029134533,0.0,0.001713796058269066,0.000856898029134533,0.0,0.005998286203941731,0.0,0.003427592116538132,0.000856898029134533,0.007712082262210797,0.004284490145672665,0.001713796058269066,0.0,0.001713796058269066,0.004284490145672665,0.002570694087403599,0.0,0.004284490145672665,0.002570694087403599,0.002570694087403599,0.001713796058269066,0.001713796058269066,0.0,0.002570694087403599,0.0,0.001713796058269066,0.0,0.000856898029134533,0.005998286203941731,0.001713796058269066,0.005141388174807198,0.0,0.000856898029134533,0.001713796058269066,0.002570694087403599,0.003427592116538132,0.000856898029134533,0.000856898029134533,0.006855184233076264,0.002570694087403599,0.0,0.000856898029134533,0.005998286203941731,0.001713796058269066,0.001713796058269066,0.000856898029134533,0.001713796058269066,0.0,0.0,0.0,0.0,0.003427592116538132,0.005998286203941731,0.003427592116538132,0.000856898029134533,0.002570694087403599,0.001713796058269066,0.004284490145672665,0.000856898029134533,0.000856898029134533,0.000856898029134533,0.000856898029134533,0.003427592116538132,0.000856898029134533,0.0,0.001713796058269066,0.0,0.0,0.0,0.003427592116538132,0.000856898029134533,0.002570694087403599,0.001713796058269066,0.000856898029134533,0.000856898029134533,0.004284490145672665,0.0,0.000856898029134533,0.003427592116538132,0.0,0.0,0.004284490145672665,0.0,0.001713796058269066,0.004284490145672665,0.000856898029134533,0.010282776349614395,0.003427592116538132,0.000856898029134533,0.000856898029134533,0.001713796058269066,0.0,0.002570694087403599,0.002570694087403599,0.002570694087403599,0.001713796058269066,0.000856898029134533,0.000856898029134533,0.0,0.005141388174807198,0.000856898029134533,0.001713796058269066,0.001713796058269066,0.002570694087403599,0.0,0.001713796058269066,0.001713796058269066,0.0,0.0,0.000856898029134533,0.0,0.004284490145672665,0.001713796058269066,0.0,0.001713796058269066,0.001713796058269066,0.005141388174807198,0.002570694087403599,0.0,0.000856898029134533,0.003427592116538132,0.001713796058269066,0.001713796058269066,0.004284490145672665,0.000856898029134533,0.001713796058269066,0.005141388174807198,0.004284490145672665,0.0,0.0,0.000856898029134533,0.004284490145672665,0.0,0.000856898029134533,0.000856898029134533,0.0,0.002570694087403599,0.000856898029134533,0.001713796058269066,0.005141388174807198,0.0,0.001713796058269066,0.0,0.005141388174807198,0.0,0.0,0.000856898029134533,0.0,0.002570694087403599,0.000856898029134533,0.0,0.0,0.0,0.0,0.005998286203941731,0.002570694087403599,0.006855184233076264,0.0,0.001713796058269066,0.002570694087403599,0.000856898029134533,0.001713796058269066,0.017994858611825194,0.000856898029134533,0.004284490145672665,0.0,0.000856898029134533,0.004284490145672665,0.0,0.000856898029134533,0.000856898029134533,0.000856898029134533,0.0,0.001713796058269066,0.0,0.000856898029134533,0.000856898029134533,0.000856898029134533,0.0,0.002570694087403599,0.0,0.0,0.000856898029134533,0.0,0.000856898029134533,0.001713796058269066,0.001713796058269066,0.000856898029134533,0.004284490145672665,0.001713796058269066,0.01456726649528706,0.000856898029134533,0.0,0.001713796058269066,0.0,0.001713796058269066,0.0,0.000856898029134533,0.0,0.001713796058269066,0.002570694087403599,0.003427592116538132,0.0,0.000856898029134533,0.0,0.000856898029134533,0.0,0.000856898029134533,0.001713796058269066,0.0,0.0,0.0,0.0,0.001713796058269066,0.0,0.001713796058269066,0.00856898029134533,0.001713796058269066,0.001713796058269066,0.002570694087403599,0.000856898029134533,0.0,0.001713796058269066,0.000856898029134533,0.001713796058269066,0.001713796058269066,0.001713796058269066,0.001713796058269066,0.002570694087403599,0.000856898029134533,0.0,0.00856898029134533,0.0,0.003427592116538132,0.005141388174807198,0.003427592116538132,0.0,0.002570694087403599,0.005141388174807198,0.000856898029134533,0.00856898029134533,0.0,0.001713796058269066,0.0,0.000856898029134533,0.003427592116538132,0.002570694087403599,0.004284490145672665,0.002570694087403599,0.0,0.001713796058269066,0.000856898029134533,0.004284490145672665,0.002570694087403599,0.003427592116538132,0.000856898029134533,0.000856898029134533,0.0,0.000856898029134533,0.001713796058269066,0.000856898029134533,0.001713796058269066,0.01970865467009426,0.000856898029134533,0.0,0.002570694087403599,0.000856898029134533,0.0,0.0,0.001713796058269066,0.0,0.003427592116538132,0.000856898029134533,0.006855184233076264,0.000856898029134533,0.002570694087403599,0.001713796058269066,0.001713796058269066,0.002570694087403599,0.0,0.0,0.00856898029134533,0.001713796058269066,0.000856898029134533,0.002570694087403599,0.001713796058269066,0.001713796058269066,0.0,0.000856898029134533,0.0,0.000856898029134533,0.001713796058269066,0.001713796058269066,0.0,0.000856898029134533,0.004284490145672665,0.000856898029134533,0.002570694087403599,0.004284490145672665,0.0,0.0,0.000856898029134533,0.001713796058269066,0.003427592116538132,0.0,0.002570694087403599,0.000856898029134533,0.002570694087403599,0.001713796058269066,0.002570694087403599,0.000856898029134533,0.003427592116538132,0.0,0.000856898029134533,0.006855184233076264,0.001713796058269066,0.002570694087403599,0.002570694087403599,0.0,0.003427592116538132,0.000856898029134533,0.002570694087403599,0.0,0.000856898029134533,0.001713796058269066,0.001713796058269066,0.000856898029134533,0.0,0.0,0.0,0.0,0.0,0.001713796058269066,0.0,0.003427592116538132,0.000856898029134533,0.002570694087403599,0.000856898029134533,0.0,0.0,0.0,0.001713796058269066,0.003427592116538132,0.007712082262210797,0.005998286203941731,0.0,0.002570694087403599,0.002570694087403599,0.002570694087403599,0.0,0.0,0.0,0.005998286203941731,0.009425878320479864,0.000856898029134533,0.000856898029134533,0.002570694087403599,0.003427592116538132,0.001713796058269066,0.005141388174807198,0.000856898029134533,0.0,0.0,0.002570694087403599,0.000856898029134533,0.0,0.000856898029134533,0.000856898029134533,0.001713796058269066,0.004284490145672665,0.000856898029134533,0.001713796058269066,0.003427592116538132,0.002570694087403599,0.0,0.000856898029134533,0.004284490145672665,0.0,0.0,0.001713796058269066,0.002570694087403599,0.0,0.001713796058269066,0.000856898029134533,0.009425878320479864,0.001713796058269066,0.001713796058269066,0.001713796058269066,0.003427592116538132,0.005141388174807198,0.000856898029134533,0.001713796058269066,0.005141388174807198,0.001713796058269066,0.003427592116538132,0.006855184233076264,0.0,0.000856898029134533,0.0,0.002570694087403599,0.000856898029134533,0.0,0.001713796058269066,0.000856898029134533,0.005998286203941731,0.0,0.0,0.001713796058269066,0.0,0.002570694087403599,0.000856898029134533,0.005998286203941731,0.005141388174807198,0.003427592116538132,0.0,0.000856898029134533,0.001713796058269066,0.0,0.001713796058269066,0.000856898029134533,0.002570694087403599,0.0,0.0,0.0,0.004284490145672665,0.0,0.005998286203941731,0.003427592116538132,0.0,0.004284490145672665,0.005998286203941731,0.002570694087403599,0.03513281919451585,0.000856898029134533,0.0,0.004284490145672665,0.003427592116538132,0.000856898029134533,0.004284490145672665,0.001713796058269066,0.0,0.002570694087403599,0.000856898029134533,0.0,0.0,0.001713796058269066,0.001713796058269066,0.0,0.005141388174807198,0.002570694087403599,0.0,0.0,0.003427592116538132,0.001713796058269066,0.0,0.0,0.0,0.004284490145672665,0.002570694087403599,0.004284490145672665,0.003427592116538132,0.001713796058269066,0.001713796058269066,0.000856898029134533,0.000856898029134533,0.005141388174807198,0.010282776349614395,0.000856898029134533,0.000856898029134533,0.000856898029134533,0.0,0.003427592116538132,0.000856898029134533,0.0,0.000856898029134533,0.000856898029134533,0.001713796058269066,0.001713796058269066,0.001713796058269066,0.0,0.0,0.0,0.003427592116538132,0.000856898029134533,0.002570694087403599,0.000856898029134533,0.007712082262210797,0.002570694087403599,0.000856898029134533,0.0,0.0,0.00856898029134533,0.0,0.0,0.0,0.000856898029134533,0.0,0.003427592116538132,0.000856898029134533,0.002570694087403599,0.000856898029134533,0.0,0.002570694087403599,0.002570694087403599,0.001713796058269066,0.005141388174807198,0.002570694087403599,0.001713796058269066,0.003427592116538132,0.000856898029134533,0.002570694087403599,0.001713796058269066
1793ready93,0.002570694087403599,0.0,0.0006426735218508997,0.0019280205655526992,0.003213367609254499,0.008997429305912597,0.0,0.003213367609254499,0.0006426735218508997,0.004498714652956298,0.0038560411311053984,0.0012853470437017994,0.0012853470437017994,0.0006426735218508997,0.0006426735218508997,0.004498714652956298,0.0,0.0,0.0006426735218508997,0.002570694087403599,0.004498714652956298,0.002570694087403599,0.0,0.0012853470437017994,0.0012853470437017994,0.0012853470437017994,0.0,0.0019280205655526992,0.0019280205655526992,0.0006426735218508997,0.004498714652956298,0.0,0.0019280205655526992,0.0012853470437017994,0.0006426735218508997,0.0012853470437017994,0.005784061696658098,0.003213367609254499,0.0012853470437017994,0.0006426735218508997,0.0006426735218508997,0.0012853470437017994,0.005784061696658098,0.0019280205655526992,0.003213367609254499,0.0019280205655526992,0.0012853470437017994,0.0038560411311053984,0.0,0.002570694087403599,0.0006426735218508997,0.0012853470437017994,0.004498714652956298,0.0012853470437017994,0.002570694087403599,0.0012853470437017994,0.0012853470437017994,0.0,0.0038560411311053984,0.0,0.0019280205655526992,0.0019280205655526992,0.010925449871465296,0.0,0.0,0.0006426735218508997,0.0019280205655526992,0.003213367609254499,0.0012853470437017994,0.0038560411311053984,0.0019280205655526992,0.007712082262210797,0.003213367609254499,0.002570694087403599,0.0006426735218508997,0.0012853470437017994,0.003213367609254499,0.002570694087403599,0.0012853470437017994,0.002570694087403599,0.0012853470437017994,0.0012853470437017994,0.004498714652956298,0.0038560411311053984,0.0019280205655526992,0.0,0.010282776349614395,0.002570694087403599,0.0012853470437017994,0.0006426735218508997,0.0019280205655526992,0.0006426735218508997,0.0019280205655526992,0.0038560411311053984,0.003213367609254499,0.002570694087403599,0.002570694087403599,0.004498714652956298,0.0,0.0038560411311053984,0.0012853470437017994,0.0019280205655526992,0.0012853470437017994,0.0019280205655526992,0.005784061696658098,0.002570694087403599,0.0012853470437017994,0.003213367609254499,0.0012853470437017994,0.0,0.003213367609254499,0.0006426735218508997,0.0012853470437017994,0.0,0.0006426735218508997,0.003213367609254499,0.0019280205655526992,0.002570694087403599,0.0019280205655526992,0.0,0.0006426735218508997,0.0019280205655526992,0.005784061696658098,0.0012853470437017994,0.0,0.0,0.0012853470437017994,0.0038560411311053984,0.0012853470437017994,0.0,0.0006426735218508997,0.0012853470437017994,0.0,0.0019280205655526992,0.0006426735218508997,0.007069408740359897,0.0012853470437017994,0.0006426735218508997,0.002570694087403599,0.0019280205655526992,0.008354755784061696,0.0012853470437017994,0.0,0.0006426735218508997,0.0012853470437017994,0.0,0.0038560411311053984,0.0006426735218508997,0.0,0.002570694087403599,0.0,0.0006426735218508997,0.0,0.002570694087403599,0.0019280205655526992,0.0,0.008997429305912597,0.0012853470437017994,0.0038560411311053984,0.0012853470437017994,0.005141388174807198,0.0006426735218508997,0.009640102827763496,0.0,0.0006426735218508997,0.0,0.0,0.003213367609254499,0.0006426735218508997,0.0,0.0,0.0,0.0,0.0,0.0012853470437017994,0.0006426735218508997,0.003213367609254499,0.002570694087403599,0.003213367609254499,0.0019280205655526992,0.0006426735218508997,0.0,0.003213367609254499,0.002570694087403599,0.0006426735218508997,0.0,0.0012853470437017994,0.0012853470437017994,0.002570694087403599,0.0012853470437017994,0.0006426735218508997,0.014781491002570694,0.0006426735218508997,0.0006426735218508997,0.0,0.0012853470437017994,0.0,0.0,0.004498714652956298,0.0006426735218508997,0.003213367609254499,0.002570694087403599,0.002570694087403599,0.003213367609254499,0.006426735218508998,0.0,0.0012853470437017994,0.0012853470437017994,0.0012853470437017994,0.0012853470437017994,0.0,0.002570694087403599,0.003213367609254499,0.004498714652956298,0.0019280205655526992,0.0019280205655526992,0.003213367609254499,0.0006426735218508997,0.002570694087403599,0.0019280205655526992,0.0019280205655526992,0.002570694087403599,0.0006426735218508997,0.005141388174807198,0.0,0.0019280205655526992,0.002570694087403599,0.0,0.0012853470437017994,0.0006426735218508997,0.0012853470437017994,0.002570694087403599,0.0019280205655526992,0.0,0.003213367609254499,0.005784061696658098,0.002570694087403599,0.0012853470437017994,0.0038560411311053984,0.0038560411311053984,0.002570694087403599,0.007712082262210797,0.0,0.0006426735218508997,0.0,0.0019280205655526992,0.0012853470437017994,0.005784061696658098,0.002570694087403599,0.0012853470437017994,0.003213367609254499,0.0012853470437017994,0.004498714652956298,0.003213367609254499,0.002570694087403599,0.0012853470437017994,0.0012853470437017994,0.005784061696658098,0.0,0.0,0.005141388174807198,0.0019280205655526992,0.0006426735218508997,0.007069408740359897,0.0006426735218508997,0.0,0.002570694087403599,0.003213367609254499,0.0012853470437017994,0.0,0.002570694087403599,0.0,0.0006426735218508997,0.0,0.0,0.005141388174807198,0.0012853470437017994,0.006426735218508998,0.0038560411311053984,0.0012853470437017994,0.0,0.0,0.010282776349614395,0.007069408740359897,0.0,0.0006426735218508997,0.004498714652956298,0.0006426735218508997,0.0,0.0006426735218508997,0.0019280205655526992,0.0006426735218508997,0.0006426735218508997,0.0006426735218508997,0.0019280205655526992,0.0006426735218508997,0.0038560411311053984,0.0,0.0,0.0019280205655526992,0.0,0.0,0.0019280205655526992,0.002570694087403599,0.003213367609254499,0.0012853470437017994,0.0012853470437017994,0.0,0.0,0.0012853470437017994,0.0006426735218508997,0.0012853470437017994,0.0,0.0,0.0,0.0,0.002570694087403599,0.002570694087403599,0.006426735218508998,0.003213367609254499,0.0012853470437017994,0.003213367609254499,0.0019280205655526992,0.0012853470437017994,0.0006426735218508997,0.0006426735218508997,0.0012853470437017994,0.0019280205655526992,0.005784061696658098,0.0,0.0,0.0012853470437017994,0.002570694087403599,0.0019280205655526992,0.0006426735218508997,0.0006426735218508997,0.0019280205655526992,0.0012853470437017994,0.0012853470437017994,0.0012853470437017994,0.0,0.0,0.0,0.0006426735218508997,0.003213367609254499,0.0038560411311053984,0.0038560411311053984,0.0,0.0006426735218508997,0.0,0.003213367609254499,0.0,0.0006426735218508997,0.0,0.002570694087403599,0.008354755784061696,0.0006426735218508997,0.002570694087403599,0.003213367609254499,0.0,0.003213367609254499,0.0019280205655526992,0.0012853470437017994,0.0,0.0,0.0006426735218508997,0.0038560411311053984,0.0006426735218508997,0.0019280205655526992,0.0012853470437017994,0.0,0.0,0.0,0.004498714652956298,0.003213367609254499,0.0006426735218508997,0.0,0.005141388174807198,0.0006426735218508997,0.0006426735218508997,0.0,0.0006426735218508997,0.0006426735218508997,0.0006426735218508997,0.003213367609254499,0.0,0.003213367609254499,0.0012853470437017994,0.003213367609254499,0.0006426735218508997,0.002570694087403599,0.0038560411311053984,0.0006426735218508997,0.003213367609254499,0.004498714652956298,0.0012853470437017994,0.0019280205655526992,0.0,0.0006426735218508997,0.0019280205655526992,0.002570694087403599,0.0012853470437017994,0.0006426735218508997,0.0,0.003213367609254499,0.0,0.004498714652956298,0.0,0.0,0.003213367609254499,0.0,0.005784061696658098,0.0,0.0038560411311053984,0.003213367609254499,0.0019280205655526992,0.0,0.0006426735218508997,0.003213367609254499,0.0012853470437017994,0.002570694087403599,0.0,0.0012853470437017994,0.0006426735218508997,0.0,0.005141388174807198,0.0012853470437017994,0.0,0.0012853470437017994,0.0019280205655526992,0.0,0.005784061696658098,0.0,0.004498714652956298,0.017352185089974295,0.0012853470437017994,0.0006426735218508997,0.0019280205655526992,0.002570694087403599,0.003213367609254499,0.0019280205655526992,0.0006426735218508997,0.0,0.0012853470437017994,0.006426735218508998,0.0,0.0012853470437017994,0.0006426735218508997,0.002570694087403599,0.002570694087403599,0.0006426735218508997,0.0038560411311053984,0.0038560411311053984,0.0,0.002570694087403599,0.003213367609254499,0.0012853470437017994,0.0012853470437017994,0.005784061696658098,0.002570694087403599,0.0019280205655526992,0.0006426735218508997,0.0012853470437017994,0.0,0.005141388174807198,0.004498714652956298,0.004498714652956298,0.0006426735218508997,0.0006426735218508997,0.0006426735218508997,0.002570694087403599,0.014781491002570694,0.0038560411311053984,0.0006426735218508997,0.0012853470437017994,0.0,0.0012853470437017994,0.002570694087403599,0.002570694087403599,0.0012853470437017994,0.0,0.0,0.0,0.002570694087403599,0.0006426735218508997,0.002570694087403599,0.0012853470437017994,0.0006426735218508997,0.0006426735218508997,0.0019280205655526992,0.0,0.0006426735218508997,0.0,0.0006426735218508997,0.0012853470437017994,0.0,0.005141388174807198,0.0019280205655526992,0.007069408740359897,0.0006426735218508997,0.0,0.0,0.0,0.0,0.0006426735218508997,0.0019280205655526992,0.003213367609254499,0.0012853470437017994,0.002570694087403599,0.0038560411311053984,0.0038560411311053984,0.003213367609254499
1793ready87,0.000851063829787234,0.000851063829787234,0.0,0.001702127659574468,0.001702127659574468,0.011063829787234043,0.0,0.0,0.000851063829787234,0.011914893617021277,0.003404255319148936,0.000851063829787234,0.001702127659574468,0.003404255319148936,0.001702127659574468,0.000851063829787234,0.0,0.0,0.001702127659574468,0.000851063829787234,0.000851063829787234,0.002553191489361702,0.0,0.001702127659574468,0.000851063829787234,0.002553191489361702,0.000851063829787234,0.000851063829787234,0.002553191489361702,0.00425531914893617,0.002553191489361702,0.001702127659574468,0.002553191489361702,0.000851063829787234,0.002553191489361702,0.003404255319148936,0.001702127659574468,0.0,0.005106382978723404,0.0,0.0,0.002553191489361702,0.011063829787234043,0.002553191489361702,0.002553191489361702,0.000851063829787234,0.000851063829787234,0.0,0.0,0.0,0.0,0.000851063829787234,0.002553191489361702,0.001702127659574468,0.000851063829787234,0.002553191489361702,0.0,0.003404255319148936,0.000851063829787234,0.002553191489361702,0.001702127659574468,0.0,0.00425531914893617,0.000851063829787234,0.0,0.000851063829787234,0.000851063829787234,0.000851063829787234,0.000851063829787234,0.002553191489361702,0.000851063829787234,0.00425531914893617,0.003404255319148936,0.0,0.000851063829787234,0.002553191489361702,0.000851063829787234,0.001702127659574468,0.002553191489361702,0.002553191489361702,0.0,0.001702127659574468,0.005106382978723404,0.001702127659574468,0.0,0.000851063829787234,0.011914893617021277,0.000851063829787234,0.001702127659574468,0.002553191489361702,0.000851063829787234,0.000851063829787234,0.001702127659574468,0.002553191489361702,0.001702127659574468,0.002553191489361702,0.0,0.002553191489361702,0.002553191489361702,0.006808510638297872,0.00425531914893617,0.001702127659574468,0.000851063829787234,0.0,0.0,0.003404255319148936,0.002553191489361702,0.0,0.000851063829787234,0.00851063829787234,0.003404255319148936,0.00425531914893617,0.000851063829787234,0.0,0.001702127659574468,0.001702127659574468,0.00425531914893617,0.001702127659574468,0.0,0.0,0.007659574468085106,0.000851063829787234,0.006808510638297872,0.005957446808510639,0.0,0.0,0.003404255319148936,0.005106382978723404,0.000851063829787234,0.0,0.001702127659574468,0.002553191489361702,0.0,0.000851063829787234,0.0,0.0,0.000851063829787234,0.002553191489361702,0.0,0.003404255319148936,0.000851063829787234,0.0,0.0,0.001702127659574468,0.0,0.0,0.002553191489361702,0.002553191489361702,0.001702127659574468,0.000851063829787234,0.000851063829787234,0.001702127659574468,0.000851063829787234,0.000851063829787234,0.001702127659574468,0.0,0.002553191489361702,0.005106382978723404,0.005106382978723404,0.000851063829787234,0.006808510638297872,0.001702127659574468,0.01446808510638298,0.0,0.000851063829787234,0.0,0.0,0.0,0.0,0.0,0.0,0.0,0.000851063829787234,0.00425531914893617,0.000851063829787234,0.0,0.000851063829787234,0.0,0.002553191489361702,0.001702127659574468,0.0,0.001702127659574468,0.000851063829787234,0.0,0.000851063829787234,0.002553191489361702,0.0,0.001702127659574468,0.001702127659574468,0.003404255319148936,0.011063829787234043,0.003404255319148936,0.001702127659574468,0.0,0.0,0.0,0.000851063829787234,0.0,0.000851063829787234,0.002553191489361702,0.002553191489361702,0.000851063829787234,0.0,0.0,0.0,0.003404255319148936,0.000851063829787234,0.002553191489361702,0.000851063829787234,0.001702127659574468,0.001702127659574468,0.001702127659574468,0.003404255319148936,0.001702127659574468,0.0,0.001702127659574468,0.003404255319148936,0.001702127659574468,0.001702127659574468,0.001702127659574468,0.0,0.000851063829787234,0.0,0.0,0.000851063829787234,0.002553191489361702,0.002553191489361702,0.000851063829787234,0.005106382978723404,0.0,0.0,0.007659574468085106,0.0,0.0,0.005106382978723404,0.002553191489361702,0.0,0.00425531914893617,0.003404255319148936,0.0,0.006808510638297872,0.0,0.0,0.0,0.000851063829787234,0.003404255319148936,0.001702127659574468,0.003404255319148936,0.001702127659574468,0.0,0.000851063829787234,0.001702127659574468,0.000851063829787234,0.001702127659574468,0.002553191489361702,0.0,0.003404255319148936,0.0,0.0,0.0,0.00425531914893617,0.001702127659574468,0.005106382978723404,0.02468085106382979,0.001702127659574468,0.0,0.000851063829787234,0.000851063829787234,0.001702127659574468,0.000851063829787234,0.00425531914893617,0.000851063829787234,0.001702127659574468,0.002553191489361702,0.005957446808510639,0.000851063829787234,0.001702127659574468,0.000851063829787234,0.001702127659574468,0.0,0.0,0.0,0.00851063829787234,0.0,0.000851063829787234,0.001702127659574468,0.006808510638297872,0.002553191489361702,0.0,0.000851063829787234,0.001702127659574468,0.00425531914893617,0.003404255319148936,0.001702127659574468,0.00425531914893617,0.0,0.001702127659574468,0.000851063829787234,0.002553191489361702,0.000851063829787234,0.000851063829787234,0.000851063829787234,0.002553191489361702,0.002553191489361702,0.000851063829787234,0.002553191489361702,0.002553191489361702,0.001702127659574468,0.002553191489361702,0.002553191489361702,0.005957446808510639,0.001702127659574468,0.005106382978723404,0.0,0.000851063829787234,0.006808510638297872,0.001702127659574468,0.001702127659574468,0.0,0.00425531914893617,0.0,0.000851063829787234,0.000851063829787234,0.000851063829787234,0.0,0.001702127659574468,0.0,0.001702127659574468,0.0,0.0,0.0,0.0,0.0,0.000851063829787234,0.0,0.001702127659574468,0.002553191489361702,0.001702127659574468,0.0,0.0,0.0,0.0,0.002553191489361702,0.0,0.00425531914893617,0.002553191489361702,0.0,0.001702127659574468,0.002553191489361702,0.003404255319148936,0.0,0.002553191489361702,0.0,0.001702127659574468,0.00851063829787234,0.001702127659574468,0.0,0.000851063829787234,0.000851063829787234,0.002553191489361702,0.002553191489361702,0.005106382978723404,0.0,0.000851063829787234,0.000851063829787234,0.0,0.000851063829787234,0.000851063829787234,0.005957446808510639,0.001702127659574468,0.003404255319148936,0.0,0.000851063829787234,0.005106382978723404,0.002553191489361702,0.0,0.002553191489361702,0.001702127659574468,0.002553191489361702,0.0,0.001702127659574468,0.001702127659574468,0.0,0.0,0.0,0.00425531914893617,0.000851063829787234,0.000851063829787234,0.0,0.001702127659574468,0.0,0.000851063829787234,0.0,0.001702127659574468,0.00425531914893617,0.00851063829787234,0.005106382978723404,0.000851063829787234,0.001702127659574468,0.000851063829787234,0.002553191489361702,0.001702127659574468,0.0,0.000851063829787234,0.001702127659574468,0.001702127659574468,0.0,0.003404255319148936,0.000851063829787234,0.0,0.011063829787234043,0.000851063829787234,0.00425531914893617,0.006808510638297872,0.002553191489361702,0.0,0.000851063829787234,0.001702127659574468,0.000851063829787234,0.007659574468085106,0.0,0.001702127659574468,0.000851063829787234,0.003404255319148936,0.0,0.001702127659574468,0.0,0.013617021276595745,0.0,0.000851063829787234,0.007659574468085106,0.002553191489361702,0.0,0.03148936170212766,0.003404255319148936,0.001702127659574468,0.001702127659574468,0.000851063829787234,0.001702127659574468,0.000851063829787234,0.005957446808510639,0.002553191489361702,0.001702127659574468,0.0,0.0,0.00425531914893617,0.000851063829787234,0.0,0.001702127659574468,0.00425531914893617,0.0,0.0,0.0,0.002553191489361702,0.003404255319148936,0.000851063829787234,0.002553191489361702,0.001702127659574468,0.002553191489361702,0.001702127659574468,0.001702127659574468,0.001702127659574468,0.0,0.0,0.0,0.002553191489361702,0.006808510638297872,0.005957446808510639,0.003404255319148936,0.001702127659574468,0.001702127659574468,0.0,0.000851063829787234,0.005957446808510639,0.0,0.002553191489361702,0.000851063829787234,0.002553191489361702,0.001702127659574468,0.005106382978723404,0.000851063829787234,0.0,0.000851063829787234,0.003404255319148936,0.0,0.001702127659574468,0.0,0.002553191489361702,0.002553191489361702,0.000851063829787234,0.0,0.0,0.005106382978723404,0.000851063829787234,0.0,0.002553191489361702,0.000851063829787234,0.001702127659574468,0.000851063829787234,0.0,0.000851063829787234,0.0,0.000851063829787234,0.0,0.001702127659574468,0.005106382978723404,0.000851063829787234,0.0,0.003404255319148936,0.006808510638297872,0.000851063829787234,0.002553191489361702
1803lateDisease6,0.0024937655860349127,0.0024937655860349127,0.000997506234413965,0.003491271820448878,0.00199501246882793,0.0,0.00199501246882793,0.0,0.000997506234413965,0.0,0.00399002493765586,0.0024937655860349127,0.000997506234413965,0.004488778054862843,0.0029925187032418953,0.0024937655860349127,0.005486284289276808,0.0014962593516209476,0.0,0.0024937655860349127,0.0024937655860349127,0.000997506234413965,0.00199501246882793,0.000997506234413965,0.0004987531172069825,0.0,0.0024937655860349127,0.0014962593516209476,0.004987531172069825,0.00199501246882793,0.0,0.0014962593516209476,0.0059850374064837905,0.003491271820448878,0.0014962593516209476,0.0024937655860349127,0.0014962593516209476,0.00199501246882793,0.000997506234413965,0.0004987531172069825,0.000997506234413965,0.00199501246882793,0.0,0.003491271820448878,0.0004987531172069825,0.0004987531172069825,0.0004987531172069825,0.0004987531172069825,0.0014962593516209476,0.000997506234413965,0.003491271820448878,0.004488778054862843,0.0,0.0029925187032418953,0.00199501246882793,0.0014962593516209476,0.003491271820448878,0.005486284289276808,0.003491271820448878,0.0,0.00199501246882793,0.005486284289276808,0.00199501246882793,0.005486284289276808,0.00199501246882793,0.00399002493765586,0.0004987531172069825,0.00199501246882793,0.0004987531172069825,0.0014962593516209476,0.0024937655860349127,0.0,0.0014962593516209476,0.0014962593516209476,0.0014962593516209476,0.0004987531172069825,0.0014962593516209476,0.000997506234413965,0.000997506234413965,0.0,0.0024937655860349127,0.000997506234413965,0.00199501246882793,0.0024937655860349127,0.0004987531172069825,0.00399002493765586,0.0,0.0029925187032418953,0.00199501246882793,0.003491271820448878,0.003491271820448878,0.0004987531172069825,0.0004987531172069825,0.0004987531172069825,0.0029925187032418953,0.003491271820448878,0.004987531172069825,0.000997506234413965,0.0014962593516209476,0.0014962593516209476,0.0024937655860349127,0.000997506234413965,0.000997506234413965,0.0014962593516209476,0.0004987531172069825,0.000997506234413965,0.000997506234413965,0.00199501246882793,0.003491271820448878,0.004488778054862843,0.000997506234413965,0.000997506234413965,0.00199501246882793,0.0029925187032418953,0.0014962593516209476,0.000997506234413965,0.0,0.004987531172069825,0.0014962593516209476,0.0024937655860349127,0.004488778054862843,0.0029925187032418953,0.0,0.0014962593516209476,0.004488778054862843,0.000997506234413965,0.000997506234413965,0.0024937655860349127,0.00199501246882793,0.0014962593516209476,0.00199501246882793,0.0004987531172069825,0.00199501246882793,0.00199501246882793,0.00199501246882793,0.0,0.0004987531172069825,0.000997506234413965,0.000997506234413965,0.0029925187032418953,0.0004987531172069825,0.0014962593516209476,0.000997506234413965,0.003491271820448878,0.0014962593516209476,0.00399002493765586,0.00199501246882793,0.0,0.006483790523690773,0.0014962593516209476,0.0029925187032418953,0.000997506234413965,0.0014962593516209476,0.0029925187032418953,0.0004987531172069825,0.004987531172069825,0.00199501246882793,0.00399002493765586,0.0029925187032418953,0.0014962593516209476,0.0024937655860349127,0.005486284289276808,0.0,0.00199501246882793,0.0014962593516209476,0.0014962593516209476,0.0029925187032418953,0.0004987531172069825,0.000997506234413965,0.0014962593516209476,0.0029925187032418953,0.0029925187032418953,0.0029925187032418953,0.0029925187032418953,0.00199501246882793,0.0014962593516209476,0.0014962593516209476,0.0,0.00199501246882793,0.000997506234413965,0.006483790523690773,0.000997506234413965,0.0004987531172069825,0.0024937655860349127,0.00199501246882793,0.003491271820448878,0.0004987531172069825,0.00199501246882793,0.0004987531172069825,0.0029925187032418953,0.004987531172069825,0.0024937655860349127,0.0004987531172069825,0.000997506234413965,0.000997506234413965,0.0024937655860349127,0.0004987531172069825,0.0024937655860349127,0.000997506234413965,0.00199501246882793,0.000997506234413965,0.003491271820448878,0.000997506234413965,0.0014962593516209476,0.0024937655860349127,0.000997506234413965,0.0,0.000997506234413965,0.003491271820448878,0.00199501246882793,0.0024937655860349127,0.0,0.000997506234413965,0.00199501246882793,0.0014962593516209476,0.0014962593516209476,0.0004987531172069825,0.0014962593516209476,0.000997506234413965,0.00199501246882793,0.003491271820448878,0.0004987531172069825,0.000997506234413965,0.00399002493765586,0.0014962593516209476,0.0029925187032418953,0.000997506234413965,0.0024937655860349127,0.0,0.0004987531172069825,0.0014962593516209476,0.003491271820448878,0.000997506234413965,0.00199501246882793,0.0,0.0004987531172069825,0.00399002493765586,0.0004987531172069825,0.0,0.004987531172069825,0.0,0.00199501246882793,0.000997506234413965,0.0014962593516209476,0.0024937655860349127,0.0014962593516209476,0.000997506234413965,0.00199501246882793,0.0014962593516209476,0.00199501246882793,0.0,0.0014962593516209476,0.0004987531172069825,0.0,0.0024937655860349127,0.003491271820448878,0.000997506234413965,0.0024937655860349127,0.0004987531172069825,0.00199501246882793,0.00399002493765586,0.0059850374064837905,0.0,0.0004987531172069825,0.0029925187032418953,0.0024937655860349127,0.003491271820448878,0.00199501246882793,0.0014962593516209476,0.0014962593516209476,0.00199501246882793,0.0,0.0029925187032418953,0.000997506234413965,0.0024937655860349127,0.0004987531172069825,0.003491271820448878,0.0004987531172069825,0.00199501246882793,0.0029925187032418953,0.0024937655860349127,0.003491271820448878,0.0024937655860349127,0.0024937655860349127,0.0014962593516209476,0.004987531172069825,0.00399002493765586,0.00199501246882793,0.00199501246882793,0.0014962593516209476,0.004488778054862843,0.000997506234413965,0.000997506234413965,0.0,0.00399002493765586,0.000997506234413965,0.0029925187032418953,0.00399002493765586,0.00199501246882793,0.00199501246882793,0.000997506234413965,0.0004987531172069825,0.00399002493765586,0.00199501246882793,0.00199501246882793,0.0024937655860349127,0.000997506234413965,0.0029925187032418953,0.000997506234413965,0.0014962593516209476,0.00199501246882793,0.000997506234413965,0.0029925187032418953,0.0029925187032418953,0.0024937655860349127,0.0029925187032418953,0.00399002493765586,0.0024937655860349127,0.0,0.0059850374064837905,0.000997506234413965,0.004987531172069825,0.004488778054862843,0.00199501246882793,0.0024937655860349127,0.000997506234413965,0.0024937655860349127,0.0014962593516209476,0.0004987531172069825,0.003491271820448878,0.0004987531172069825,0.000997506234413965,0.000997506234413965,0.0014962593516209476,0.000997506234413965,0.0014962593516209476,0.0024937655860349127,0.0004987531172069825,0.0029925187032418953,0.00399002493765586,0.0029925187032418953,0.0024937655860349127,0.0004987531172069825,0.0014962593516209476,0.00399002493765586,0.003491271820448878,0.0014962593516209476,0.000997506234413965,0.0024937655860349127,0.00199501246882793,0.0014962593516209476,0.0024937655860349127,0.00199501246882793,0.0,0.0024937655860349127,0.00199501246882793,0.0024937655860349127,0.00199501246882793,0.0029925187032418953,0.0024937655860349127,0.000997506234413965,0.00199501246882793,0.00199501246882793,0.004987531172069825,0.003491271820448878,0.000997506234413965,0.0029925187032418953,0.0024937655860349127,0.0014962593516209476,0.0024937655860349127,0.0004987531172069825,0.000997506234413965,0.0024937655860349127,0.00199501246882793,0.00199501246882793,0.000997506234413965,0.003491271820448878,0.000997506234413965,0.000997506234413965,0.00199501246882793,0.003491271820448878,0.000997506234413965,0.000997506234413965,0.00199501246882793,0.0,0.0004987531172069825,0.00199501246882793,0.0024937655860349127,0.000997506234413965,0.0024937655860349127,0.00199501246882793,0.004987531172069825,0.0,0.0004987531172069825,0.0,0.004488778054862843,0.003491271820448878,0.00199501246882793,0.0024937655860349127,0.0004987531172069825,0.0029925187032418953,0.004488778054862843,0.00199501246882793,0.000997506234413965,0.0,0.00199501246882793,0.0,0.0014962593516209476,0.00199501246882793,0.008977556109725686,0.00399002493765586,0.00199501246882793,0.0,0.00199501246882793,0.0,0.000997506234413965,0.0014962593516209476,0.00199501246882793,0.0,0.003491271820448878,0.000997506234413965,0.0,0.00199501246882793,0.0014962593516209476,0.00199501246882793,0.003491271820448878,0.000997506234413965,0.0014962593516209476,0.004488778054862843,0.003491271820448878,0.0004987531172069825,0.000997506234413965,0.0,0.000997506234413965,0.003491271820448878,0.0014962593516209476,0.0004987531172069825,0.0024937655860349127,0.00399002493765586,0.0014962593516209476,0.000997506234413965,0.00199501246882793,0.00199501246882793,0.0029925187032418953,0.003491271820448878,0.0014962593516209476,0.0014962593516209476,0.0,0.004987531172069825,0.004987531172069825,0.000997506234413965,0.0014962593516209476,0.004488778054862843,0.0024937655860349127,0.0029925187032418953,0.00199501246882793,0.000997506234413965,0.0014962593516209476,0.0004987531172069825,0.000997506234413965,0.0,0.0029925187032418953,0.00199501246882793,0.0029925187032418953,0.000997506234413965,0.00199501246882793,0.00199501246882793,0.0,0.00399002493765586,0.00199501246882793,0.000997506234413965,0.00399002493765586,0.0,0.004488778054862843,0.0024937655860349127,0.0014962593516209476,0.00199501246882793,0.0004987531172069825,0.000997506234413965,0.003491271820448878,0.0014962593516209476,0.0004987531172069825,0.0004987531172069825,0.00199501246882793,0.003491271820448878,0.004488778054862843,0.0014962593516209476,0.0004987531172069825,0.000997506234413965,0.000997506234413965,0.00199501246882793,0.00199501246882793,0.0024937655860349127,0.0004987531172069825,0.000997506234413965,0.0024937655860349127,0.0004987531172069825,0.00199501246882793,0.0024937655860349127,0.00199501246882793,0.004987531172069825,0.0014962593516209476,0.00199501246882793,0.00199501246882793,0.000997506234413965,0.0024937655860349127,0.00199501246882793,0.00199501246882793,0.0024937655860349127,0.0,0.000997506234413965,0.0004987531172069825
1804lateDisease2,0.0014684287812041115,0.0011013215859030838,0.0011013215859030838,0.0022026431718061676,0.0003671071953010279,0.0,0.003671071953010279,0.0014684287812041115,0.003303964757709251,0.0,0.004405286343612335,0.0025697503671071953,0.003671071953010279,0.003671071953010279,0.003303964757709251,0.0003671071953010279,0.004038179148311307,0.0011013215859030838,0.0003671071953010279,0.0018355359765051395,0.0018355359765051395,0.0018355359765051395,0.0018355359765051395,0.0007342143906020558,0.0003671071953010279,0.0003671071953010279,0.0011013215859030838,0.0014684287812041115,0.0011013215859030838,0.0025697503671071953,0.0,0.0018355359765051395,0.003303964757709251,0.0022026431718061676,0.0018355359765051395,0.0025697503671071953,0.0014684287812041115,0.0047723935389133625,0.0003671071953010279,0.0018355359765051395,0.0003671071953010279,0.0025697503671071953,0.0,0.0011013215859030838,0.0025697503671071953,0.0018355359765051395,0.0022026431718061676,0.0011013215859030838,0.0003671071953010279,0.0025697503671071953,0.004038179148311307,0.0025697503671071953,0.0,0.0022026431718061676,0.0007342143906020558,0.0014684287812041115,0.003671071953010279,0.0011013215859030838,0.0022026431718061676,0.002936857562408223,0.0014684287812041115,0.003303964757709251,0.0011013215859030838,0.0018355359765051395,0.0014684287812041115,0.0003671071953010279,0.0047723935389133625,0.0022026431718061676,0.0022026431718061676,0.0,0.0014684287812041115,0.0,0.0014684287812041115,0.0018355359765051395,0.0011013215859030838,0.0025697503671071953,0.002936857562408223,0.0018355359765051395,0.0022026431718061676,0.0003671071953010279,0.003303964757709251,0.0003671071953010279,0.0003671071953010279,0.0025697503671071953,0.0011013215859030838,0.0011013215859030838,0.0,0.0022026431718061676,0.004405286343612335,0.0018355359765051395,0.0014684287812041115,0.0025697503671071953,0.0,0.0014684287812041115,0.0018355359765051395,0.0,0.0022026431718061676,0.0011013215859030838,0.002936857562408223,0.0025697503671071953,0.0011013215859030838,0.0003671071953010279,0.0022026431718061676,0.003671071953010279,0.0007342143906020558,0.0018355359765051395,0.004038179148311307,0.0,0.0025697503671071953,0.002936857562408223,0.0011013215859030838,0.0018355359765051395,0.0011013215859030838,0.0025697503671071953,0.003303964757709251,0.002936857562408223,0.0,0.0022026431718061676,0.0025697503671071953,0.0022026431718061676,0.0007342143906020558,0.002936857562408223,0.0,0.0047723935389133625,0.0025697503671071953,0.0011013215859030838,0.0007342143906020558,0.0025697503671071953,0.003671071953010279,0.003303964757709251,0.003671071953010279,0.0,0.0022026431718061676,0.0025697503671071953,0.0025697503671071953,0.0014684287812041115,0.0014684287812041115,0.0018355359765051395,0.0014684287812041115,0.0014684287812041115,0.0003671071953010279,0.003671071953010279,0.0018355359765051395,0.0011013215859030838,0.002936857562408223,0.0018355359765051395,0.0003671071953010279,0.0014684287812041115,0.0018355359765051395,0.0007342143906020558,0.002936857562408223,0.0011013215859030838,0.003303964757709251,0.0022026431718061676,0.002936857562408223,0.0007342143906020558,0.0018355359765051395,0.002936857562408223,0.0007342143906020558,0.0018355359765051395,0.0014684287812041115,0.0011013215859030838,0.0,0.005139500734214391,0.0022026431718061676,0.0047723935389133625,0.003303964757709251,0.0014684287812041115,0.0022026431718061676,0.0011013215859030838,0.0047723935389133625,0.0014684287812041115,0.005139500734214391,0.0018355359765051395,0.0022026431718061676,0.0022026431718061676,0.003671071953010279,0.0011013215859030838,0.0025697503671071953,0.0014684287812041115,0.009544787077826725,0.0003671071953010279,0.0,0.0014684287812041115,0.0018355359765051395,0.0018355359765051395,0.0014684287812041115,0.0014684287812041115,0.0022026431718061676,0.003303964757709251,0.003303964757709251,0.0018355359765051395,0.0003671071953010279,0.003671071953010279,0.0003671071953010279,0.0003671071953010279,0.0014684287812041115,0.0011013215859030838,0.0003671071953010279,0.0022026431718061676,0.0025697503671071953,0.0,0.0018355359765051395,0.0011013215859030838,0.0025697503671071953,0.0011013215859030838,0.0011013215859030838,0.0025697503671071953,0.0007342143906020558,0.0014684287812041115,0.0018355359765051395,0.0011013215859030838,0.0022026431718061676,0.0007342143906020558,0.0022026431718061676,0.0007342143906020558,0.0011013215859030838,0.002936857562408223,0.0011013215859030838,0.0011013215859030838,0.0007342143906020558,0.002936857562408223,0.0018355359765051395,0.003303964757709251,0.0007342143906020558,0.0014684287812041115,0.003303964757709251,0.002936857562408223,0.0,0.0011013215859030838,0.0011013215859030838,0.003671071953010279,0.005873715124816446,0.004405286343612335,0.0003671071953010279,0.0014684287812041115,0.0014684287812041115,0.0003671071953010279,0.0014684287812041115,0.0003671071953010279,0.0,0.0014684287812041115,0.0018355359765051395,0.003303964757709251,0.0014684287812041115,0.0011013215859030838,0.0011013215859030838,0.0014684287812041115,0.0,0.0014684287812041115,0.0011013215859030838,0.0047723935389133625,0.0011013215859030838,0.0011013215859030838,0.003671071953010279,0.0025697503671071953,0.0025697503671071953,0.0011013215859030838,0.0014684287812041115,0.0018355359765051395,0.004405286343612335,0.0014684287812041115,0.0,0.003671071953010279,0.0014684287812041115,0.0,0.0011013215859030838,0.0007342143906020558,0.0014684287812041115,0.0025697503671071953,0.0007342143906020558,0.005139500734214391,0.002936857562408223,0.0025697503671071953,0.0025697503671071953,0.0018355359765051395,0.0011013215859030838,0.0003671071953010279,0.0018355359765051395,0.0025697503671071953,0.003671071953010279,0.0022026431718061676,0.0018355359765051395,0.0003671071953010279,0.0014684287812041115,0.0,0.0003671071953010279,0.0014684287812041115,0.003671071953010279,0.0014684287812041115,0.0022026431718061676,0.0025697503671071953,0.0007342143906020558,0.0,0.0018355359765051395,0.0003671071953010279,0.0022026431718061676,0.0018355359765051395,0.002936857562408223,0.0025697503671071953,0.003303964757709251,0.0014684287812041115,0.0018355359765051395,0.0014684287812041115,0.0018355359765051395,0.0014684287812041115,0.0007342143906020558,0.002936857562408223,0.0018355359765051395,0.0011013215859030838,0.0003671071953010279,0.0007342143906020558,0.0025697503671071953,0.0018355359765051395,0.0025697503671071953,0.0022026431718061676,0.0022026431718061676,0.0022026431718061676,0.0,0.0025697503671071953,0.0011013215859030838,0.0025697503671071953,0.0022026431718061676,0.0003671071953010279,0.002936857562408223,0.0007342143906020558,0.0022026431718061676,0.0007342143906020558,0.005506607929515419,0.004405286343612335,0.0014684287812041115,0.002936857562408223,0.0025697503671071953,0.0025697503671071953,0.0018355359765051395,0.0011013215859030838,0.0018355359765051395,0.0007342143906020558,0.0025697503671071953,0.002936857562408223,0.002936857562408223,0.005139500734214391,0.002936857562408223,0.0007342143906020558,0.0007342143906020558,0.006607929515418502,0.0011013215859030838,0.0022026431718061676,0.0022026431718061676,0.0025697503671071953,0.0018355359765051395,0.0025697503671071953,0.0007342143906020558,0.0,0.0014684287812041115,0.002936857562408223,0.0018355359765051395,0.0011013215859030838,0.0007342143906020558,0.0011013215859030838,0.0014684287812041115,0.0014684287812041115,0.002936857562408223,0.005506607929515419,0.0018355359765051395,0.0003671071953010279,0.004038179148311307,0.004038179148311307,0.0025697503671071953,0.0022026431718061676,0.005139500734214391,0.0007342143906020558,0.0007342143906020558,0.004405286343612335,0.003303964757709251,0.0014684287812041115,0.0022026431718061676,0.0018355359765051395,0.004038179148311307,0.0014684287812041115,0.003303964757709251,0.0003671071953010279,0.003303964757709251,0.003303964757709251,0.0011013215859030838,0.0025697503671071953,0.0018355359765051395,0.0011013215859030838,0.0018355359765051395,0.005506607929515419,0.0018355359765051395,0.0018355359765051395,0.0,0.0025697503671071953,0.0003671071953010279,0.004405286343612335,0.0022026431718061676,0.004405286343612335,0.0025697503671071953,0.0003671071953010279,0.002936857562408223,0.0047723935389133625,0.0022026431718061676,0.0011013215859030838,0.0003671071953010279,0.0007342143906020558,0.0,0.0018355359765051395,0.003303964757709251,0.005139500734214391,0.0011013215859030838,0.0018355359765051395,0.0,0.0018355359765051395,0.0011013215859030838,0.002936857562408223,0.0025697503671071953,0.0007342143906020558,0.0,0.0007342143906020558,0.0025697503671071953,0.0018355359765051395,0.003303964757709251,0.0003671071953010279,0.0003671071953010279,0.0025697503671071953,0.0022026431718061676,0.0022026431718061676,0.0025697503671071953,0.0011013215859030838,0.0003671071953010279,0.0025697503671071953,0.0,0.0018355359765051395,0.003303964757709251,0.0025697503671071953,0.003671071953010279,0.0022026431718061676,0.003303964757709251,0.0022026431718061676,0.0022026431718061676,0.004038179148311307,0.0007342143906020558,0.0018355359765051395,0.0022026431718061676,0.0018355359765051395,0.0047723935389133625,0.0,0.0022026431718061676,0.0018355359765051395,0.0007342143906020558,0.005139500734214391,0.0022026431718061676,0.0018355359765051395,0.0011013215859030838,0.0003671071953010279,0.003303964757709251,0.0014684287812041115,0.0003671071953010279,0.0022026431718061676,0.0007342143906020558,0.0022026431718061676,0.003671071953010279,0.004038179148311307,0.0025697503671071953,0.0025697503671071953,0.0011013215859030838,0.0007342143906020558,0.003303964757709251,0.0014684287812041115,0.0011013215859030838,0.0003671071953010279,0.0007342143906020558,0.004405286343612335,0.0025697503671071953,0.002936857562408223,0.0022026431718061676,0.0018355359765051395,0.0022026431718061676,0.0022026431718061676,0.003303964757709251,0.0022026431718061676,0.002936857562408223,0.0003671071953010279,0.003671071953010279,0.003671071953010279,0.0003671071953010279,0.0003671071953010279,0.0018355359765051395,0.0047723935389133625,0.0014684287812041115,0.0003671071953010279,0.003671071953010279,0.0025697503671071953,0.0011013215859030838,0.0007342143906020558,0.0007342143906020558,0.0011013215859030838,0.004038179148311307,0.0047723935389133625,0.005506607929515419,0.0014684287812041115,0.002936857562408223,0.0011013215859030838,0.0014684287812041115,0.0022026431718061676,0.0011013215859030838,0.003303964757709251,0.0014684287812041115,0.0,0.0011013215859030838,0.0003671071953010279
1808readyDisease5,0.00046146746654360867,0.00046146746654360867,0.0013844023996308261,0.003230272265805261,0.0009229349330872173,0.0055376095985233045,0.0,0.0018458698661744347,0.0023073373327180432,0.004153207198892478,0.0018458698661744347,0.0023073373327180432,0.0027688047992616522,0.0027688047992616522,0.0036917397323488694,0.0023073373327180432,0.0,0.0009229349330872173,0.0036917397323488694,0.0023073373327180432,0.00046146746654360867,0.0018458698661744347,0.0027688047992616522,0.0018458698661744347,0.004153207198892478,0.009229349330872173,0.0009229349330872173,0.0013844023996308261,0.0018458698661744347,0.00046146746654360867,0.004153207198892478,0.00046146746654360867,0.0046146746654360865,0.0023073373327180432,0.0013844023996308261,0.0018458698661744347,0.0023073373327180432,0.0009229349330872173,0.0046146746654360865,0.0013844023996308261,0.0013844023996308261,0.0023073373327180432,0.0009229349330872173,0.0027688047992616522,0.0013844023996308261,0.003230272265805261,0.0023073373327180432,0.0,0.00046146746654360867,0.0009229349330872173,0.00046146746654360867,0.0013844023996308261,0.00692201199815413,0.0013844023996308261,0.0023073373327180432,0.0013844023996308261,0.00046146746654360867,0.0013844023996308261,0.0023073373327180432,0.00046146746654360867,0.0018458698661744347,0.0018458698661744347,0.0023073373327180432,0.003230272265805261,0.0009229349330872173,0.0018458698661744347,0.0027688047992616522,0.00046146746654360867,0.0013844023996308261,0.009690816797415782,0.00046146746654360867,0.0023073373327180432,0.0046146746654360865,0.0013844023996308261,0.0018458698661744347,0.0023073373327180432,0.0023073373327180432,0.0023073373327180432,0.005076142131979695,0.0018458698661744347,0.0,0.0,0.00046146746654360867,0.00046146746654360867,0.0018458698661744347,0.0018458698661744347,0.003230272265805261,0.00046146746654360867,0.0013844023996308261,0.0018458698661744347,0.003230272265805261,0.0013844023996308261,0.009229349330872173,0.0018458698661744347,0.0009229349330872173,0.0027688047992616522,0.0,0.0018458698661744347,0.0,0.0036917397323488694,0.0013844023996308261,0.0009229349330872173,0.0013844023996308261,0.0018458698661744347,0.0018458698661744347,0.0018458698661744347,0.0023073373327180432,0.0013844023996308261,0.00046146746654360867,0.0023073373327180432,0.0,0.0027688047992616522,0.0009229349330872173,0.0027688047992616522,0.0009229349330872173,0.0013844023996308261,0.0046146746654360865,0.0027688047992616522,0.0009229349330872173,0.003230272265805261,0.0023073373327180432,0.0013844023996308261,0.011075219197046609,0.0027688047992616522,0.0009229349330872173,0.0009229349330872173,0.0013844023996308261,0.0009229349330872173,0.003230272265805261,0.00046146746654360867,0.0013844023996308261,0.0055376095985233045,0.0,0.0018458698661744347,0.0023073373327180432,0.0009229349330872173,0.0018458698661744347,0.0023073373327180432,0.0009229349330872173,0.0027688047992616522,0.00046146746654360867,0.0009229349330872173,0.0,0.0046146746654360865,0.003230272265805261,0.0018458698661744347,0.0009229349330872173,0.00046146746654360867,0.003230272265805261,0.0023073373327180432,0.003230272265805261,0.00046146746654360867,0.00046146746654360867,0.003230272265805261,0.0018458698661744347,0.0018458698661744347,0.0023073373327180432,0.0023073373327180432,0.00046146746654360867,0.0013844023996308261,0.0023073373327180432,0.0023073373327180432,0.003230272265805261,0.0009229349330872173,0.0013844023996308261,0.00046146746654360867,0.0009229349330872173,0.0027688047992616522,0.0009229349330872173,0.00046146746654360867,0.00046146746654360867,0.00046146746654360867,0.00046146746654360867,0.003230272265805261,0.0023073373327180432,0.0027688047992616522,0.003230272265805261,0.0023073373327180432,0.0018458698661744347,0.0009229349330872173,0.0,0.0023073373327180432,0.00046146746654360867,0.0018458698661744347,0.0009229349330872173,0.0023073373327180432,0.00046146746654360867,0.0013844023996308261,0.0023073373327180432,0.003230272265805261,0.0023073373327180432,0.0013844023996308261,0.0,0.0013844023996308261,0.00046146746654360867,0.0013844023996308261,0.00046146746654360867,0.00046146746654360867,0.0009229349330872173,0.00046146746654360867,0.0018458698661744347,0.0013844023996308261,0.0018458698661744347,0.0009229349330872173,0.00046146746654360867,0.0013844023996308261,0.0023073373327180432,0.0018458698661744347,0.0013844023996308261,0.0027688047992616522,0.0023073373327180432,0.00046146746654360867,0.0027688047992616522,0.0027688047992616522,0.0009229349330872173,0.0023073373327180432,0.0018458698661744347,0.0023073373327180432,0.0027688047992616522,0.0018458698661744347,0.003230272265805261,0.0023073373327180432,0.0018458698661744347,0.0013844023996308261,0.00046146746654360867,0.0018458698661744347,0.00046146746654360867,0.0018458698661744347,0.004153207198892478,0.0009229349330872173,0.0013844023996308261,0.0009229349330872173,0.0,0.0023073373327180432,0.007844946931241348,0.0013844023996308261,0.0009229349330872173,0.00046146746654360867,0.005999077065066913,0.0018458698661744347,0.0036917397323488694,0.0023073373327180432,0.00046146746654360867,0.0,0.0009229349330872173,0.0013844023996308261,0.0018458698661744347,0.0009229349330872173,0.0009229349330872173,0.00046146746654360867,0.0018458698661744347,0.0013844023996308261,0.0009229349330872173,0.0009229349330872173,0.00692201199815413,0.003230272265805261,0.00046146746654360867,0.0018458698661744347,0.0009229349330872173,0.0018458698661744347,0.0009229349330872173,0.0023073373327180432,0.0,0.00046146746654360867,0.0018458698661744347,0.00046146746654360867,0.0009229349330872173,0.00046146746654360867,0.0018458698661744347,0.0013844023996308261,0.0018458698661744347,0.0023073373327180432,0.0009229349330872173,0.005076142131979695,0.0018458698661744347,0.0013844023996308261,0.0009229349330872173,0.0013844023996308261,0.0013844023996308261,0.0,0.0027688047992616522,0.0018458698661744347,0.0013844023996308261,0.0009229349330872173,0.00046146746654360867,0.0018458698661744347,0.0018458698661744347,0.00046146746654360867,0.0036917397323488694,0.0018458698661744347,0.0009229349330872173,0.003230272265805261,0.0023073373327180432,0.005999077065066913,0.0009229349330872173,0.0018458698661744347,0.0009229349330872173,0.003230272265805261,0.0023073373327180432,0.00046146746654360867,0.0013844023996308261,0.0009229349330872173,0.0023073373327180432,0.0018458698661744347,0.00046146746654360867,0.0046146746654360865,0.0018458698661744347,0.0018458698661744347,0.004153207198892478,0.003230272265805261,0.0013844023996308261,0.0027688047992616522,0.0018458698661744347,0.0023073373327180432,0.003230272265805261,0.0027688047992616522,0.0027688047992616522,0.0018458698661744347,0.01338255652976465,0.00046146746654360867,0.0,0.0023073373327180432,0.003230272265805261,0.0013844023996308261,0.0013844023996308261,0.003230272265805261,0.00046146746654360867,0.0,0.00046146746654360867,0.00046146746654360867,0.0,0.0027688047992616522,0.0009229349330872173,0.0,0.0018458698661744347,0.0036917397323488694,0.005076142131979695,0.003230272265805261,0.003230272265805261,0.0018458698661744347,0.0,0.003230272265805261,0.0018458698661744347,0.0013844023996308261,0.0023073373327180432,0.0,0.0013844023996308261,0.0018458698661744347,0.0018458698661744347,0.0,0.0036917397323488694,0.0,0.0013844023996308261,0.0013844023996308261,0.0036917397323488694,0.0027688047992616522,0.0018458698661744347,0.0023073373327180432,0.0023073373327180432,0.003230272265805261,0.0023073373327180432,0.0,0.0009229349330872173,0.003230272265805261,0.0,0.0036917397323488694,0.00046146746654360867,0.003230272265805261,0.0027688047992616522,0.004153207198892478,0.0009229349330872173,0.0009229349330872173,0.0018458698661744347,0.004153207198892478,0.00046146746654360867,0.0013844023996308261,0.0027688047992616522,0.003230272265805261,0.00046146746654360867,0.0018458698661744347,0.0036917397323488694,0.00046146746654360867,0.003230272265805261,0.0018458698661744347,0.00046146746654360867,0.0013844023996308261,0.0009229349330872173,0.0,0.0009229349330872173,0.0027688047992616522,0.0018458698661744347,0.0013844023996308261,0.0046146746654360865,0.0023073373327180432,0.008306414397784956,0.003230272265805261,0.00046146746654360867,0.0018458698661744347,0.0009229349330872173,0.0018458698661744347,0.005076142131979695,0.0013844023996308261,0.0018458698661744347,0.0023073373327180432,0.007383479464697739,0.0023073373327180432,0.012921089063221043,0.0018458698661744347,0.0,0.00046146746654360867,0.0023073373327180432,0.0009229349330872173,0.004153207198892478,0.0018458698661744347,0.00046146746654360867,0.0009229349330872173,0.0013844023996308261,0.0023073373327180432,0.0055376095985233045,0.00046146746654360867,0.0018458698661744347,0.0027688047992616522,0.0013844023996308261,0.0027688047992616522,0.0009229349330872173,0.0,0.0036917397323488694,0.0,0.0027688047992616522,0.0,0.0009229349330872173,0.0009229349330872173,0.0018458698661744347,0.0018458698661744347,0.0023073373327180432,0.0023073373327180432,0.0018458698661744347,0.0009229349330872173,0.0009229349330872173,0.0036917397323488694,0.0009229349330872173,0.0027688047992616522,0.00046146746654360867,0.00046146746654360867,0.0013844023996308261,0.0018458698661744347,0.0046146746654360865,0.006460544531610522,0.0027688047992616522,0.0009229349330872173,0.00046146746654360867,0.0,0.0018458698661744347,0.0023073373327180432,0.0018458698661744347,0.0013844023996308261,0.0009229349330872173,0.0018458698661744347,0.007383479464697739,0.0018458698661744347,0.0036917397323488694,0.0013844023996308261,0.0018458698661744347,0.0027688047992616522,0.0027688047992616522,0.0036917397323488694,0.0023073373327180432,0.0013844023996308261,0.0018458698661744347,0.0018458698661744347,0.00046146746654360867,0.00046146746654360867,0.0036917397323488694,0.003230272265805261,0.00046146746654360867,0.0018458698661744347,0.0036917397323488694,0.005076142131979695,0.0013844023996308261,0.0013844023996308261,0.0009229349330872173,0.00046146746654360867,0.003230272265805261,0.0,0.0018458698661744347,0.0023073373327180432,0.0009229349330872173,0.0009229349330872173,0.0009229349330872173,0.0023073373327180432,0.0009229349330872173,0.0009229349330872173,0.0018458698661744347,0.0009229349330872173,0.0018458698661744347,0.0018458698661744347,0.0013844023996308261,0.0,0.004153207198892478,0.0018458698661744347,0.0,0.0,0.0009229349330872173,0.00046146746654360867,0.00046146746654360867,0.0018458698661744347,0.00046146746654360867,0.0023073373327180432,0.0018458698661744347,0.0055376095985233045,0.0013844023996308261,0.003230272265805261
1808readyDisease7,0.0005336179295624333,0.0005336179295624333,0.0016008537886872999,0.0048025613660619,0.0016008537886872999,0.004268943436499467,0.0,0.0005336179295624333,0.0016008537886872999,0.0032017075773745998,0.0026680896478121665,0.0016008537886872999,0.0016008537886872999,0.0026680896478121665,0.0048025613660619,0.0005336179295624333,0.0010672358591248667,0.0016008537886872999,0.0010672358591248667,0.0021344717182497333,0.0010672358591248667,0.0021344717182497333,0.0021344717182497333,0.0005336179295624333,0.004268943436499467,0.0080042689434365,0.0005336179295624333,0.0021344717182497333,0.0005336179295624333,0.0005336179295624333,0.003735325506937033,0.0016008537886872999,0.007470651013874066,0.0005336179295624333,0.0032017075773745998,0.0026680896478121665,0.0010672358591248667,0.0026680896478121665,0.007470651013874066,0.0005336179295624333,0.0005336179295624333,0.0021344717182497333,0.0032017075773745998,0.0021344717182497333,0.0010672358591248667,0.0005336179295624333,0.0005336179295624333,0.0005336179295624333,0.0005336179295624333,0.0032017075773745998,0.0005336179295624333,0.0010672358591248667,0.0064034151547491995,0.003735325506937033,0.0,0.0026680896478121665,0.0016008537886872999,0.004268943436499467,0.0016008537886872999,0.0005336179295624333,0.0026680896478121665,0.0021344717182497333,0.0016008537886872999,0.0016008537886872999,0.0,0.004268943436499467,0.0026680896478121665,0.0005336179295624333,0.0026680896478121665,0.006937033084311633,0.0005336179295624333,0.0032017075773745998,0.0021344717182497333,0.0026680896478121665,0.0010672358591248667,0.0016008537886872999,0.0010672358591248667,0.0026680896478121665,0.003735325506937033,0.0,0.0005336179295624333,0.0016008537886872999,0.0010672358591248667,0.0026680896478121665,0.0010672358591248667,0.0010672358591248667,0.003735325506937033,0.0048025613660619,0.004268943436499467,0.0005336179295624333,0.0,0.0032017075773745998,0.004268943436499467,0.0021344717182497333,0.0021344717182497333,0.0064034151547491995,0.0016008537886872999,0.003735325506937033,0.0005336179295624333,0.0016008537886872999,0.0005336179295624333,0.0,0.003735325506937033,0.0021344717182497333,0.0005336179295624333,0.0026680896478121665,0.0010672358591248667,0.0005336179295624333,0.0016008537886872999,0.004268943436499467,0.005869797225186766,0.0021344717182497333,0.0021344717182497333,0.0026680896478121665,0.0010672358591248667,0.0026680896478121665,0.0016008537886872999,0.0016008537886872999,0.0005336179295624333,0.0021344717182497333,0.0010672358591248667,0.0026680896478121665,0.008537886872998933,0.0016008537886872999,0.005336179295624333,0.0,0.0021344717182497333,0.004268943436499467,0.0016008537886872999,0.0005336179295624333,0.0016008537886872999,0.003735325506937033,0.0,0.0026680896478121665,0.0016008537886872999,0.0005336179295624333,0.0032017075773745998,0.0005336179295624333,0.0016008537886872999,0.0021344717182497333,0.0,0.0005336179295624333,0.0005336179295624333,0.0016008537886872999,0.0032017075773745998,0.0005336179295624333,0.0,0.0016008537886872999,0.0021344717182497333,0.0,0.0016008537886872999,0.0021344717182497333,0.0010672358591248667,0.0016008537886872999,0.0016008537886872999,0.0016008537886872999,0.0026680896478121665,0.0032017075773745998,0.0010672358591248667,0.0010672358591248667,0.0010672358591248667,0.0,0.0010672358591248667,0.0010672358591248667,0.0010672358591248667,0.0010672358591248667,0.0,0.0005336179295624333,0.0021344717182497333,0.0,0.0,0.0016008537886872999,0.0,0.003735325506937033,0.005336179295624333,0.0021344717182497333,0.0026680896478121665,0.0010672358591248667,0.003735325506937033,0.0010672358591248667,0.0,0.0021344717182497333,0.0010672358591248667,0.0,0.0005336179295624333,0.0021344717182497333,0.0005336179295624333,0.0010672358591248667,0.0021344717182497333,0.0026680896478121665,0.0016008537886872999,0.0016008537886872999,0.0005336179295624333,0.0,0.0010672358591248667,0.0010672358591248667,0.0016008537886872999,0.0010672358591248667,0.0005336179295624333,0.003735325506937033,0.0026680896478121665,0.0016008537886872999,0.0,0.0,0.0,0.004268943436499467,0.0026680896478121665,0.0026680896478121665,0.0026680896478121665,0.0016008537886872999,0.0032017075773745998,0.0010672358591248667,0.003735325506937033,0.0032017075773745998,0.0026680896478121665,0.0016008537886872999,0.0005336179295624333,0.0021344717182497333,0.0026680896478121665,0.004268943436499467,0.0016008537886872999,0.0016008537886872999,0.0005336179295624333,0.0016008537886872999,0.0,0.0,0.0,0.0026680896478121665,0.0032017075773745998,0.0010672358591248667,0.0021344717182497333,0.0016008537886872999,0.0005336179295624333,0.0016008537886872999,0.005336179295624333,0.0005336179295624333,0.0016008537886872999,0.0021344717182497333,0.009071504802561366,0.0,0.0032017075773745998,0.0032017075773745998,0.0010672358591248667,0.0,0.0026680896478121665,0.0010672358591248667,0.0005336179295624333,0.0021344717182497333,0.0021344717182497333,0.0005336179295624333,0.0016008537886872999,0.005869797225186766,0.0016008537886872999,0.0026680896478121665,0.0080042689434365,0.0026680896478121665,0.0005336179295624333,0.0,0.0,0.0010672358591248667,0.0016008537886872999,0.0021344717182497333,0.0005336179295624333,0.0010672358591248667,0.0,0.0016008537886872999,0.0005336179295624333,0.0021344717182497333,0.0010672358591248667,0.0010672358591248667,0.0005336179295624333,0.0010672358591248667,0.0026680896478121665,0.0,0.0,0.0010672358591248667,0.0016008537886872999,0.0032017075773745998,0.0010672358591248667,0.0,0.0032017075773745998,0.0,0.0005336179295624333,0.0,0.0026680896478121665,0.0021344717182497333,0.0005336179295624333,0.0,0.004268943436499467,0.0016008537886872999,0.0016008537886872999,0.0010672358591248667,0.0032017075773745998,0.0064034151547491995,0.0010672358591248667,0.0010672358591248667,0.0005336179295624333,0.003735325506937033,0.0005336179295624333,0.0005336179295624333,0.0,0.0,0.003735325506937033,0.0032017075773745998,0.0026680896478121665,0.0010672358591248667,0.0026680896478121665,0.005869797225186766,0.0064034151547491995,0.0032017075773745998,0.0005336179295624333,0.0016008537886872999,0.0026680896478121665,0.0016008537886872999,0.0016008537886872999,0.0026680896478121665,0.0016008537886872999,0.0016008537886872999,0.004268943436499467,0.0005336179295624333,0.0,0.0005336179295624333,0.004268943436499467,0.0032017075773745998,0.0026680896478121665,0.0021344717182497333,0.0010672358591248667,0.0,0.0016008537886872999,0.0016008537886872999,0.0005336179295624333,0.0032017075773745998,0.0005336179295624333,0.0,0.0010672358591248667,0.0010672358591248667,0.0,0.0064034151547491995,0.0032017075773745998,0.0021344717182497333,0.0,0.0080042689434365,0.0010672358591248667,0.0032017075773745998,0.0,0.0,0.0021344717182497333,0.0005336179295624333,0.003735325506937033,0.0005336179295624333,0.003735325506937033,0.0,0.0032017075773745998,0.0021344717182497333,0.0032017075773745998,0.0021344717182497333,0.0021344717182497333,0.005869797225186766,0.0032017075773745998,0.0005336179295624333,0.0021344717182497333,0.0,0.0005336179295624333,0.0016008537886872999,0.0005336179295624333,0.0016008537886872999,0.0032017075773745998,0.0021344717182497333,0.0032017075773745998,0.0005336179295624333,0.0010672358591248667,0.0010672358591248667,0.0021344717182497333,0.0021344717182497333,0.0010672358591248667,0.0005336179295624333,0.0026680896478121665,0.0010672358591248667,0.0005336179295624333,0.0016008537886872999,0.0026680896478121665,0.0016008537886872999,0.0016008537886872999,0.0005336179295624333,0.0005336179295624333,0.0005336179295624333,0.0010672358591248667,0.0,0.0005336179295624333,0.0080042689434365,0.0021344717182497333,0.0005336179295624333,0.0048025613660619,0.0016008537886872999,0.0026680896478121665,0.0021344717182497333,0.0010672358591248667,0.0021344717182497333,0.0010672358591248667,0.0026680896478121665,0.003735325506937033,0.0,0.0032017075773745998,0.0032017075773745998,0.005869797225186766,0.0010672358591248667,0.005869797225186766,0.0,0.0,0.0021344717182497333,0.0010672358591248667,0.003735325506937033,0.0048025613660619,0.0016008537886872999,0.0005336179295624333,0.0005336179295624333,0.003735325506937033,0.0010672358591248667,0.004268943436499467,0.0026680896478121665,0.0016008537886872999,0.0010672358591248667,0.003735325506937033,0.0005336179295624333,0.0016008537886872999,0.0,0.0016008537886872999,0.0010672358591248667,0.0021344717182497333,0.004268943436499467,0.0016008537886872999,0.0,0.0005336179295624333,0.0026680896478121665,0.003735325506937033,0.0016008537886872999,0.0021344717182497333,0.0,0.0032017075773745998,0.0032017075773745998,0.0026680896478121665,0.0048025613660619,0.0,0.0010672358591248667,0.0021344717182497333,0.0021344717182497333,0.0010672358591248667,0.0048025613660619,0.0032017075773745998,0.005336179295624333,0.0,0.0005336179295624333,0.0021344717182497333,0.0016008537886872999,0.0,0.0016008537886872999,0.0,0.0026680896478121665,0.0064034151547491995,0.0021344717182497333,0.007470651013874066,0.0005336179295624333,0.0032017075773745998,0.0032017075773745998,0.0021344717182497333,0.0,0.0016008537886872999,0.0016008537886872999,0.004268943436499467,0.0,0.0010672358591248667,0.0010672358591248667,0.0010672358591248667,0.0016008537886872999,0.0016008537886872999,0.0005336179295624333,0.003735325506937033,0.006937033084311633,0.0010672358591248667,0.0032017075773745998,0.0026680896478121665,0.0026680896478121665,0.0005336179295624333,0.0,0.0032017075773745998,0.0,0.0016008537886872999,0.0010672358591248667,0.0016008537886872999,0.0021344717182497333,0.0010672358591248667,0.0010672358591248667,0.0010672358591248667,0.0010672358591248667,0.0026680896478121665,0.0010672358591248667,0.0,0.0021344717182497333,0.004268943436499467,0.004268943436499467,0.0,0.0016008537886872999,0.005869797225186766,0.0016008537886872999,0.003735325506937033,0.0021344717182497333,0.0010672358591248667,0.0016008537886872999,0.0026680896478121665,0.006937033084311633,0.0016008537886872999,0.0021344717182497333
1803lateDisease4,0.003395585738539898,0.0,0.0028296547821165816,0.003395585738539898,0.0005659309564233164,0.001697792869269949,0.001697792869269949,0.005659309564233163,0.0,0.001697792869269949,0.0011318619128466328,0.00622524052065648,0.0028296547821165816,0.001697792869269949,0.003395585738539898,0.0011318619128466328,0.0011318619128466328,0.0050933786078098476,0.0005659309564233164,0.0022637238256932655,0.001697792869269949,0.001697792869269949,0.001697792869269949,0.0,0.0,0.001697792869269949,0.001697792869269949,0.0028296547821165816,0.0011318619128466328,0.0,0.003395585738539898,0.006791171477079796,0.0005659309564233164,0.0011318619128466328,0.001697792869269949,0.003961516694963215,0.0022637238256932655,0.0028296547821165816,0.0,0.0,0.001697792869269949,0.0,0.0011318619128466328,0.0022637238256932655,0.001697792869269949,0.0,0.0005659309564233164,0.00622524052065648,0.006791171477079796,0.003395585738539898,0.0022637238256932655,0.0,0.0005659309564233164,0.0011318619128466328,0.0028296547821165816,0.001697792869269949,0.0005659309564233164,0.0005659309564233164,0.0022637238256932655,0.0022637238256932655,0.001697792869269949,0.0028296547821165816,0.0011318619128466328,0.0050933786078098476,0.0011318619128466328,0.003961516694963215,0.0005659309564233164,0.0005659309564233164,0.0005659309564233164,0.001697792869269949,0.0,0.003395585738539898,0.0011318619128466328,0.001697792869269949,0.0011318619128466328,0.0,0.0011318619128466328,0.0011318619128466328,0.0011318619128466328,0.001697792869269949,0.003395585738539898,0.0005659309564233164,0.0005659309564233164,0.001697792869269949,0.0028296547821165816,0.0005659309564233164,0.0022637238256932655,0.001697792869269949,0.0011318619128466328,0.003395585738539898,0.004527447651386531,0.0,0.003395585738539898,0.0011318619128466328,0.001697792869269949,0.0011318619128466328,0.0005659309564233164,0.003395585738539898,0.003961516694963215,0.001697792869269949,0.001697792869269949,0.003395585738539898,0.0022637238256932655,0.0005659309564233164,0.001697792869269949,0.0,0.0,0.0028296547821165816,0.0005659309564233164,0.001697792869269949,0.001697792869269949,0.0011318619128466328,0.003395585738539898,0.003961516694963215,0.001697792869269949,0.0005659309564233164,0.001697792869269949,0.0005659309564233164,0.001697792869269949,0.0022637238256932655,0.0011318619128466328,0.0,0.003395585738539898,0.003961516694963215,0.0011318619128466328,0.0028296547821165816,0.0022637238256932655,0.0022637238256932655,0.0005659309564233164,0.003395585738539898,0.0005659309564233164,0.00792303338992643,0.003395585738539898,0.0022637238256932655,0.0022637238256932655,0.0005659309564233164,0.001697792869269949,0.0022637238256932655,0.0022637238256932655,0.0,0.001697792869269949,0.0022637238256932655,0.001697792869269949,0.0005659309564233164,0.003395585738539898,0.001697792869269949,0.003395585738539898,0.0005659309564233164,0.003961516694963215,0.003961516694963215,0.0028296547821165816,0.0022637238256932655,0.001697792869269949,0.0022637238256932655,0.001697792869269949,0.003961516694963215,0.0,0.0005659309564233164,0.001697792869269949,0.0011318619128466328,0.0,0.0,0.003961516694963215,0.0,0.0022637238256932655,0.0022637238256932655,0.0005659309564233164,0.0011318619128466328,0.0005659309564233164,0.003395585738539898,0.0005659309564233164,0.001697792869269949,0.003961516694963215,0.001697792869269949,0.0022637238256932655,0.0005659309564233164,0.0028296547821165816,0.003395585738539898,0.0005659309564233164,0.008488964346349746,0.001697792869269949,0.0005659309564233164,0.00622524052065648,0.0005659309564233164,0.0028296547821165816,0.0011318619128466328,0.003395585738539898,0.003395585738539898,0.0005659309564233164,0.00622524052065648,0.001697792869269949,0.0005659309564233164,0.001697792869269949,0.0,0.001697792869269949,0.0011318619128466328,0.0005659309564233164,0.0011318619128466328,0.0005659309564233164,0.0022637238256932655,0.0011318619128466328,0.0011318619128466328,0.0,0.0005659309564233164,0.0005659309564233164,0.003395585738539898,0.0005659309564233164,0.001697792869269949,0.004527447651386531,0.001697792869269949,0.0011318619128466328,0.0050933786078098476,0.003961516694963215,0.001697792869269949,0.0,0.0028296547821165816,0.001697792869269949,0.0011318619128466328,0.003395585738539898,0.0011318619128466328,0.0022637238256932655,0.0028296547821165816,0.0022637238256932655,0.0022637238256932655,0.0022637238256932655,0.0050933786078098476,0.0028296547821165816,0.0011318619128466328,0.0022637238256932655,0.001697792869269949,0.003395585738539898,0.003395585738539898,0.0022637238256932655,0.0,0.001697792869269949,0.003961516694963215,0.0028296547821165816,0.0,0.0005659309564233164,0.0,0.0028296547821165816,0.0028296547821165816,0.001697792869269949,0.001697792869269949,0.0028296547821165816,0.0011318619128466328,0.0022637238256932655,0.001697792869269949,0.0011318619128466328,0.0011318619128466328,0.003395585738539898,0.0011318619128466328,0.0011318619128466328,0.0028296547821165816,0.0011318619128466328,0.0,0.0022637238256932655,0.001697792869269949,0.0011318619128466328,0.0005659309564233164,0.001697792869269949,0.0022637238256932655,0.0,0.0028296547821165816,0.003395585738539898,0.0005659309564233164,0.001697792869269949,0.0011318619128466328,0.003961516694963215,0.0,0.0028296547821165816,0.0005659309564233164,0.0028296547821165816,0.0,0.0011318619128466328,0.0011318619128466328,0.0028296547821165816,0.0028296547821165816,0.0005659309564233164,0.003395585738539898,0.0022637238256932655,0.001697792869269949,0.001697792869269949,0.0,0.001697792869269949,0.004527447651386531,0.0005659309564233164,0.0028296547821165816,0.001697792869269949,0.0005659309564233164,0.0028296547821165816,0.003395585738539898,0.0011318619128466328,0.0,0.0028296547821165816,0.0011318619128466328,0.0022637238256932655,0.0028296547821165816,0.0011318619128466328,0.0005659309564233164,0.0,0.003395585738539898,0.001697792869269949,0.0022637238256932655,0.001697792869269949,0.003395585738539898,0.001697792869269949,0.0022637238256932655,0.0022637238256932655,0.003961516694963215,0.0011318619128466328,0.001697792869269949,0.0022637238256932655,0.0028296547821165816,0.0022637238256932655,0.0005659309564233164,0.0005659309564233164,0.0011318619128466328,0.0005659309564233164,0.0011318619128466328,0.0022637238256932655,0.0011318619128466328,0.0028296547821165816,0.003961516694963215,0.0028296547821165816,0.0,0.0005659309564233164,0.001697792869269949,0.0022637238256932655,0.0028296547821165816,0.0022637238256932655,0.003395585738539898,0.0005659309564233164,0.001697792869269949,0.001697792869269949,0.0005659309564233164,0.0005659309564233164,0.0005659309564233164,0.004527447651386531,0.005659309564233163,0.0028296547821165816,0.001697792869269949,0.0011318619128466328,0.0011318619128466328,0.0022637238256932655,0.0,0.0,0.0011318619128466328,0.003395585738539898,0.0022637238256932655,0.0011318619128466328,0.0011318619128466328,0.001697792869269949,0.0,0.0022637238256932655,0.0005659309564233164,0.0028296547821165816,0.0022637238256932655,0.0022637238256932655,0.0,0.003395585738539898,0.004527447651386531,0.0,0.0028296547821165816,0.001697792869269949,0.001697792869269949,0.003395585738539898,0.001697792869269949,0.0022637238256932655,0.0028296547821165816,0.0022637238256932655,0.0,0.001697792869269949,0.0011318619128466328,0.0028296547821165816,0.0005659309564233164,0.0011318619128466328,0.003961516694963215,0.003961516694963215,0.0050933786078098476,0.001697792869269949,0.0011318619128466328,0.001697792869269949,0.003961516694963215,0.0,0.003961516694963215,0.001697792869269949,0.0022637238256932655,0.003395585738539898,0.00622524052065648,0.0011318619128466328,0.0005659309564233164,0.0011318619128466328,0.003395585738539898,0.0,0.0,0.001697792869269949,0.0005659309564233164,0.0011318619128466328,0.001697792869269949,0.005659309564233163,0.003395585738539898,0.0028296547821165816,0.001697792869269949,0.0005659309564233164,0.004527447651386531,0.0,0.0005659309564233164,0.003961516694963215,0.003961516694963215,0.0011318619128466328,0.001697792869269949,0.0,0.003395585738539898,0.003395585738539898,0.0011318619128466328,0.0011318619128466328,0.003961516694963215,0.0,0.001697792869269949,0.0005659309564233164,0.0011318619128466328,0.0011318619128466328,0.001697792869269949,0.001697792869269949,0.0011318619128466328,0.0011318619128466328,0.003395585738539898,0.0022637238256932655,0.0011318619128466328,0.001697792869269949,0.001697792869269949,0.0005659309564233164,0.0011318619128466328,0.004527447651386531,0.00792303338992643,0.0022637238256932655,0.001697792869269949,0.0022637238256932655,0.0022637238256932655,0.003961516694963215,0.0028296547821165816,0.0005659309564233164,0.001697792869269949,0.00622524052065648,0.0005659309564233164,0.0050933786078098476,0.0011318619128466328,0.0005659309564233164,0.0011318619128466328,0.0022637238256932655,0.001697792869269949,0.0005659309564233164,0.0022637238256932655,0.0011318619128466328,0.0005659309564233164,0.0011318619128466328,0.001697792869269949,0.0,0.001697792869269949,0.0,0.0011318619128466328,0.0022637238256932655,0.003395585738539898,0.0028296547821165816,0.003961516694963215,0.003961516694963215,0.0028296547821165816,0.003395585738539898,0.0005659309564233164,0.0005659309564233164,0.0005659309564233164,0.0,0.005659309564233163,0.0028296547821165816,0.0005659309564233164,0.0022637238256932655,0.0028296547821165816,0.0022637238256932655,0.0011318619128466328,0.003961516694963215,0.0022637238256932655,0.0028296547821165816,0.0,0.005659309564233163,0.0,0.0005659309564233164,0.001697792869269949,0.0011318619128466328,0.0028296547821165816,0.0011318619128466328,0.0028296547821165816,0.0022637238256932655,0.0022637238256932655,0.0005659309564233164,0.0011318619128466328,0.003961516694963215,0.0028296547821165816,0.0005659309564233164,0.00622524052065648,0.0028296547821165816,0.0022637238256932655,0.0028296547821165816,0.0011318619128466328,0.0,0.0022637238256932655,0.0011318619128466328,0.0005659309564233164,0.003395585738539898,0.0,0.003395585738539898,0.0028296547821165816
1793ready91,0.0039100684261974585,0.0,0.0019550342130987292,0.011730205278592375,0.0,0.002932551319648094,0.0009775171065493646,0.010752688172043012,0.0019550342130987292,0.0019550342130987292,0.005865102639296188,0.0,0.002932551319648094,0.002932551319648094,0.0,0.0039100684261974585,0.0019550342130987292,0.0009775171065493646,0.0,0.0009775171065493646,0.0009775171065493646,0.004887585532746823,0.004887585532746823,0.002932551319648094,0.0009775171065493646,0.004887585532746823,0.002932551319648094,0.002932551319648094,0.002932551319648094,0.0009775171065493646,0.002932551319648094,0.0,0.0039100684261974585,0.0009775171065493646,0.0009775171065493646,0.0009775171065493646,0.0019550342130987292,0.0019550342130987292,0.0,0.0039100684261974585,0.009775171065493646,0.0009775171065493646,0.002932551319648094,0.0009775171065493646,0.0009775171065493646,0.0009775171065493646,0.0,0.0009775171065493646,0.0009775171065493646,0.002932551319648094,0.0019550342130987292,0.0039100684261974585,0.0009775171065493646,0.0019550342130987292,0.0,0.0019550342130987292,0.0,0.0039100684261974585,0.0,0.0009775171065493646,0.0,0.0009775171065493646,0.0009775171065493646,0.0009775171065493646,0.002932551319648094,0.0,0.002932551319648094,0.0,0.0019550342130987292,0.0019550342130987292,0.0019550342130987292,0.0039100684261974585,0.0019550342130987292,0.0009775171065493646,0.002932551319648094,0.002932551319648094,0.0039100684261974585,0.0019550342130987292,0.0,0.0009775171065493646,0.0019550342130987292,0.0,0.002932551319648094,0.0,0.007820136852394917,0.0019550342130987292,0.0,0.0,0.0,0.0009775171065493646,0.002932551319648094,0.0019550342130987292,0.0009775171065493646,0.021505376344086023,0.0,0.0019550342130987292,0.0,0.0039100684261974585,0.0009775171065493646,0.0019550342130987292,0.0019550342130987292,0.0009775171065493646,0.0,0.0039100684261974585,0.0019550342130987292,0.0009775171065493646,0.0,0.0009775171065493646,0.0019550342130987292,0.0,0.0009775171065493646,0.0,0.0009775171065493646,0.0019550342130987292,0.0039100684261974585,0.002932551319648094,0.0009775171065493646,0.0009775171065493646,0.0019550342130987292,0.0019550342130987292,0.0,0.004887585532746823,0.0009775171065493646,0.0019550342130987292,0.0019550342130987292,0.0,0.005865102639296188,0.0009775171065493646,0.0,0.0,0.0,0.0,0.0019550342130987292,0.0009775171065493646,0.0009775171065493646,0.0,0.0,0.005865102639296188,0.002932551319648094,0.0009775171065493646,0.0009775171065493646,0.005865102639296188,0.002932551319648094,0.0,0.0009775171065493646,0.0019550342130987292,0.0009775171065493646,0.0039100684261974585,0.0019550342130987292,0.0,0.0,0.002932551319648094,0.0019550342130987292,0.0,0.0039100684261974585,0.0009775171065493646,0.0009775171065493646,0.002932551319648094,0.0,0.0009775171065493646,0.013685239491691105,0.0,0.0,0.0,0.0009775171065493646,0.002932551319648094,0.0009775171065493646,0.0,0.0,0.0,0.0,0.0,0.0039100684261974585,0.0009775171065493646,0.0019550342130987292,0.0,0.004887585532746823,0.0009775171065493646,0.0009775171065493646,0.0,0.0009775171065493646,0.0009775171065493646,0.0019550342130987292,0.0,0.0039100684261974585,0.0,0.005865102639296188,0.0009775171065493646,0.0019550342130987292,0.0019550342130987292,0.0009775171065493646,0.002932551319648094,0.0,0.0009775171065493646,0.0019550342130987292,0.0009775171065493646,0.0,0.0,0.002932551319648094,0.0009775171065493646,0.0,0.0,0.0009775171065493646,0.0,0.0009775171065493646,0.002932551319648094,0.0,0.002932551319648094,0.0,0.0019550342130987292,0.0009775171065493646,0.0039100684261974585,0.0009775171065493646,0.004887585532746823,0.002932551319648094,0.0009775171065493646,0.0019550342130987292,0.002932551319648094,0.002932551319648094,0.0009775171065493646,0.0009775171065493646,0.0009775171065493646,0.0,0.002932551319648094,0.002932551319648094,0.0009775171065493646,0.0009775171065493646,0.0039100684261974585,0.0009775171065493646,0.0009775171065493646,0.008797653958944282,0.0,0.0,0.004887585532746823,0.006842619745845552,0.0009775171065493646,0.004887585532746823,0.002932551319648094,0.0,0.010752688172043012,0.0,0.0009775171065493646,0.0,0.0009775171065493646,0.002932551319648094,0.0009775171065493646,0.0,0.0009775171065493646,0.0009775171065493646,0.0039100684261974585,0.002932551319648094,0.004887585532746823,0.0,0.0019550342130987292,0.0009775171065493646,0.0009775171065493646,0.0009775171065493646,0.0019550342130987292,0.002932551319648094,0.0019550342130987292,0.0009775171065493646,0.03128054740957967,0.0,0.0009775171065493646,0.002932551319648094,0.0009775171065493646,0.0019550342130987292,0.0009775171065493646,0.004887585532746823,0.0,0.0019550342130987292,0.0,0.004887585532746823,0.0,0.0019550342130987292,0.0,0.0019550342130987292,0.0,0.0,0.0009775171065493646,0.002932551319648094,0.0,0.0009775171065493646,0.0009775171065493646,0.0019550342130987292,0.0019550342130987292,0.0,0.0,0.0019550342130987292,0.0,0.0019550342130987292,0.0,0.0009775171065493646,0.0019550342130987292,0.006842619745845552,0.0009775171065493646,0.0019550342130987292,0.0,0.0,0.0,0.002932551319648094,0.002932551319648094,0.004887585532746823,0.0,0.002932551319648094,0.0009775171065493646,0.002932551319648094,0.0009775171065493646,0.0009775171065493646,0.005865102639296188,0.0019550342130987292,0.0019550342130987292,0.0009775171065493646,0.0039100684261974585,0.0039100684261974585,0.0009775171065493646,0.0,0.0019550342130987292,0.0009775171065493646,0.0009775171065493646,0.0,0.0,0.0,0.0009775171065493646,0.002932551319648094,0.0,0.0019550342130987292,0.0,0.0,0.0009775171065493646,0.0009775171065493646,0.0009775171065493646,0.0,0.0019550342130987292,0.002932551319648094,0.0009775171065493646,0.0019550342130987292,0.0009775171065493646,0.0,0.0,0.005865102639296188,0.0,0.0019550342130987292,0.002932551319648094,0.0039100684261974585,0.0,0.0019550342130987292,0.0009775171065493646,0.0039100684261974585,0.0009775171065493646,0.0009775171065493646,0.0,0.002932551319648094,0.01270772238514174,0.004887585532746823,0.0019550342130987292,0.0,0.0019550342130987292,0.004887585532746823,0.0009775171065493646,0.0019550342130987292,0.0,0.0,0.002932551319648094,0.0,0.0009775171065493646,0.0009775171065493646,0.0,0.002932551319648094,0.0009775171065493646,0.0,0.0,0.004887585532746823,0.0019550342130987292,0.0009775171065493646,0.0019550342130987292,0.0009775171065493646,0.0009775171065493646,0.0,0.002932551319648094,0.0,0.0019550342130987292,0.0,0.0,0.0019550342130987292,0.002932551319648094,0.0009775171065493646,0.0,0.0,0.002932551319648094,0.0,0.0009775171065493646,0.002932551319648094,0.0019550342130987292,0.0039100684261974585,0.0019550342130987292,0.0,0.0019550342130987292,0.0,0.002932551319648094,0.002932551319648094,0.0019550342130987292,0.0009775171065493646,0.0009775171065493646,0.004887585532746823,0.0009775171065493646,0.002932551319648094,0.0,0.0,0.007820136852394917,0.0019550342130987292,0.008797653958944282,0.0019550342130987292,0.005865102639296188,0.0,0.0009775171065493646,0.0009775171065493646,0.0019550342130987292,0.002932551319648094,0.0,0.0,0.0,0.002932551319648094,0.0019550342130987292,0.0,0.0,0.0039100684261974585,0.0019550342130987292,0.0039100684261974585,0.011730205278592375,0.0009775171065493646,0.0019550342130987292,0.022482893450635387,0.004887585532746823,0.0009775171065493646,0.004887585532746823,0.0009775171065493646,0.004887585532746823,0.002932551319648094,0.0039100684261974585,0.0009775171065493646,0.0009775171065493646,0.0,0.0009775171065493646,0.0009775171065493646,0.0009775171065493646,0.0,0.0009775171065493646,0.0,0.0039100684261974585,0.0019550342130987292,0.0,0.0019550342130987292,0.005865102639296188,0.002932551319648094,0.0019550342130987292,0.0009775171065493646,0.006842619745845552,0.002932551319648094,0.004887585532746823,0.002932551319648094,0.0,0.0009775171065493646,0.002932551319648094,0.0,0.0,0.0019550342130987292,0.0,0.0009775171065493646,0.0,0.0,0.0009775171065493646,0.0019550342130987292,0.0009775171065493646,0.0039100684261974585,0.0,0.0,0.0019550342130987292,0.0019550342130987292,0.0019550342130987292,0.0009775171065493646,0.0009775171065493646,0.0009775171065493646,0.0009775171065493646,0.0,0.0009775171065493646,0.0009775171065493646,0.002932551319648094,0.0,0.0,0.0,0.005865102639296188,0.0009775171065493646,0.0019550342130987292,0.002932551319648094,0.0009775171065493646,0.0,0.0039100684261974585,0.0009775171065493646,0.002932551319648094,0.0,0.0,0.0009775171065493646,0.0039100684261974585,0.0039100684261974585,0.0039100684261974585,0.0039100684261974585,0.0009775171065493646,0.006842619745845552,0.0019550342130987292,0.002932551319648094,0.0019550342130987292
1793ready85,0.0006361323155216285,0.0006361323155216285,0.007633587786259542,0.0006361323155216285,0.00826972010178117,0.001272264631043257,0.001272264631043257,0.004452926208651399,0.010814249363867684,0.0,0.0019083969465648854,0.0031806615776081423,0.0,0.0006361323155216285,0.0019083969465648854,0.0006361323155216285,0.0006361323155216285,0.0,0.002544529262086514,0.0,0.001272264631043257,0.0,0.002544529262086514,0.0006361323155216285,0.001272264631043257,0.0019083969465648854,0.0019083969465648854,0.003816793893129771,0.001272264631043257,0.001272264631043257,0.0006361323155216285,0.0006361323155216285,0.0019083969465648854,0.001272264631043257,0.0006361323155216285,0.001272264631043257,0.0006361323155216285,0.0031806615776081423,0.001272264631043257,0.0,0.001272264631043257,0.009541984732824428,0.0006361323155216285,0.0019083969465648854,0.0006361323155216285,0.002544529262086514,0.0,0.0,0.001272264631043257,0.0,0.004452926208651399,0.002544529262086514,0.005089058524173028,0.0006361323155216285,0.001272264631043257,0.001272264631043257,0.0019083969465648854,0.001272264631043257,0.001272264631043257,0.002544529262086514,0.001272264631043257,0.0019083969465648854,0.0,0.0,0.002544529262086514,0.004452926208651399,0.0006361323155216285,0.0006361323155216285,0.004452926208651399,0.002544529262086514,0.004452926208651399,0.0006361323155216285,0.0057251908396946565,0.0006361323155216285,0.0031806615776081423,0.0019083969465648854,0.0057251908396946565,0.0031806615776081423,0.0031806615776081423,0.0057251908396946565,0.0019083969465648854,0.0019083969465648854,0.0,0.0019083969465648854,0.003816793893129771,0.007633587786259542,0.001272264631043257,0.0,0.002544529262086514,0.0,0.0006361323155216285,0.0019083969465648854,0.0031806615776081423,0.001272264631043257,0.011450381679389313,0.0019083969465648854,0.0019083969465648854,0.0,0.0019083969465648854,0.0006361323155216285,0.0019083969465648854,0.0057251908396946565,0.0019083969465648854,0.001272264631043257,0.002544529262086514,0.0006361323155216285,0.0,0.001272264631043257,0.002544529262086514,0.0006361323155216285,0.0006361323155216285,0.0006361323155216285,0.0006361323155216285,0.001272264631043257,0.001272264631043257,0.0031806615776081423,0.0006361323155216285,0.006361323155216285,0.0,0.0006361323155216285,0.0006361323155216285,0.0,0.002544529262086514,0.001272264631043257,0.0006361323155216285,0.0,0.001272264631043257,0.004452926208651399,0.0,0.001272264631043257,0.003816793893129771,0.0006361323155216285,0.0006361323155216285,0.005089058524173028,0.0,0.002544529262086514,0.0006361323155216285,0.0006361323155216285,0.0031806615776081423,0.0006361323155216285,0.005089058524173028,0.0,0.004452926208651399,0.0019083969465648854,0.0006361323155216285,0.0019083969465648854,0.0006361323155216285,0.0019083969465648854,0.0019083969465648854,0.0006361323155216285,0.0,0.0,0.0031806615776081423,0.0019083969465648854,0.0006361323155216285,0.0057251908396946565,0.001272264631043257,0.001272264631043257,0.001272264631043257,0.0006361323155216285,0.0,0.011450381679389313,0.0006361323155216285,0.0006361323155216285,0.005089058524173028,0.0006361323155216285,0.005089058524173028,0.008905852417302799,0.0019083969465648854,0.0,0.0006361323155216285,0.0006361323155216285,0.0006361323155216285,0.002544529262086514,0.003816793893129771,0.0006361323155216285,0.002544529262086514,0.0,0.002544529262086514,0.0,0.001272264631043257,0.0,0.0031806615776081423,0.0019083969465648854,0.0019083969465648854,0.0006361323155216285,0.003816793893129771,0.002544529262086514,0.001272264631043257,0.003816793893129771,0.0019083969465648854,0.0006361323155216285,0.0,0.0,0.001272264631043257,0.0,0.0006361323155216285,0.0006361323155216285,0.0,0.003816793893129771,0.002544529262086514,0.0019083969465648854,0.002544529262086514,0.0006361323155216285,0.0006361323155216285,0.0006361323155216285,0.0,0.003816793893129771,0.0,0.0,0.001272264631043257,0.005089058524173028,0.001272264631043257,0.003816793893129771,0.001272264631043257,0.0,0.0006361323155216285,0.0006361323155216285,0.004452926208651399,0.0006361323155216285,0.0006361323155216285,0.0019083969465648854,0.0006361323155216285,0.001272264631043257,0.0057251908396946565,0.0019083969465648854,0.0006361323155216285,0.002544529262086514,0.0019083969465648854,0.0031806615776081423,0.002544529262086514,0.0,0.001272264631043257,0.006361323155216285,0.0057251908396946565,0.001272264631043257,0.0019083969465648854,0.0019083969465648854,0.0,0.003816793893129771,0.0019083969465648854,0.001272264631043257,0.0006361323155216285,0.001272264631043257,0.0031806615776081423,0.0031806615776081423,0.0019083969465648854,0.0019083969465648854,0.0019083969465648854,0.0006361323155216285,0.0019083969465648854,0.0019083969465648854,0.002544529262086514,0.007633587786259542,0.001272264631043257,0.0,0.001272264631043257,0.0019083969465648854,0.0019083969465648854,0.0031806615776081423,0.001272264631043257,0.0006361323155216285,0.018447837150127225,0.003816793893129771,0.002544529262086514,0.002544529262086514,0.0,0.006361323155216285,0.0,0.004452926208651399,0.0019083969465648854,0.001272264631043257,0.003816793893129771,0.002544529262086514,0.0,0.002544529262086514,0.0019083969465648854,0.005089058524173028,0.0019083969465648854,0.0006361323155216285,0.0006361323155216285,0.0,0.0006361323155216285,0.0006361323155216285,0.0006361323155216285,0.0006361323155216285,0.0019083969465648854,0.0006361323155216285,0.001272264631043257,0.0,0.0,0.001272264631043257,0.0,0.003816793893129771,0.001272264631043257,0.0019083969465648854,0.001272264631043257,0.002544529262086514,0.0006361323155216285,0.002544529262086514,0.0006361323155216285,0.001272264631043257,0.0019083969465648854,0.0031806615776081423,0.001272264631043257,0.0031806615776081423,0.001272264631043257,0.0057251908396946565,0.001272264631043257,0.0,0.0006361323155216285,0.0006361323155216285,0.003816793893129771,0.0031806615776081423,0.0019083969465648854,0.001272264631043257,0.0006361323155216285,0.002544529262086514,0.0006361323155216285,0.002544529262086514,0.0,0.001272264631043257,0.0019083969465648854,0.0,0.0,0.0006361323155216285,0.001272264631043257,0.0019083969465648854,0.0006361323155216285,0.0,0.0019083969465648854,0.0006361323155216285,0.001272264631043257,0.002544529262086514,0.002544529262086514,0.001272264631043257,0.001272264631043257,0.0,0.0,0.0006361323155216285,0.0,0.002544529262086514,0.003816793893129771,0.003816793893129771,0.001272264631043257,0.003816793893129771,0.001272264631043257,0.002544529262086514,0.00826972010178117,0.0,0.0019083969465648854,0.0,0.0,0.009541984732824428,0.003816793893129771,0.0031806615776081423,0.0006361323155216285,0.004452926208651399,0.0019083969465648854,0.0031806615776081423,0.0019083969465648854,0.0006361323155216285,0.0006361323155216285,0.0006361323155216285,0.0,0.0,0.003816793893129771,0.0,0.003816793893129771,0.0,0.0006361323155216285,0.0006361323155216285,0.0031806615776081423,0.0019083969465648854,0.0019083969465648854,0.0006361323155216285,0.004452926208651399,0.0,0.0006361323155216285,0.0006361323155216285,0.002544529262086514,0.0031806615776081423,0.0006361323155216285,0.001272264631043257,0.007633587786259542,0.0019083969465648854,0.0031806615776081423,0.0,0.0019083969465648854,0.0,0.0031806615776081423,0.0019083969465648854,0.002544529262086514,0.0019083969465648854,0.002544529262086514,0.001272264631043257,0.0006361323155216285,0.0019083969465648854,0.001272264631043257,0.005089058524173028,0.0,0.0019083969465648854,0.001272264631043257,0.0,0.0019083969465648854,0.0006361323155216285,0.0,0.0,0.001272264631043257,0.004452926208651399,0.001272264631043257,0.004452926208651399,0.0031806615776081423,0.002544529262086514,0.0,0.0006361323155216285,0.001272264631043257,0.0,0.0031806615776081423,0.001272264631043257,0.0019083969465648854,0.001272264631043257,0.002544529262086514,0.0006361323155216285,0.002544529262086514,0.0,0.0006361323155216285,0.0006361323155216285,0.0006361323155216285,0.003816793893129771,0.001272264631043257,0.0031806615776081423,0.027353689567430027,0.0031806615776081423,0.0006361323155216285,0.002544529262086514,0.0019083969465648854,0.002544529262086514,0.004452926208651399,0.0006361323155216285,0.0,0.004452926208651399,0.0006361323155216285,0.0006361323155216285,0.002544529262086514,0.0057251908396946565,0.005089058524173028,0.0019083969465648854,0.0006361323155216285,0.0057251908396946565,0.0006361323155216285,0.0006361323155216285,0.0019083969465648854,0.004452926208651399,0.004452926208651399,0.0019083969465648854,0.0006361323155216285,0.002544529262086514,0.0,0.0019083969465648854,0.001272264631043257,0.0,0.0057251908396946565,0.0019083969465648854,0.0057251908396946565,0.0019083969465648854,0.0019083969465648854,0.0,0.0,0.0,0.0,0.0,0.002544529262086514,0.002544529262086514,0.001272264631043257,0.0019083969465648854,0.0019083969465648854,0.0,0.0019083969465648854,0.0006361323155216285,0.0,0.0,0.002544529262086514,0.001272264631043257,0.0,0.001272264631043257,0.001272264631043257,0.0006361323155216285,0.0,0.002544529262086514,0.001272264631043257,0.004452926208651399,0.002544529262086514,0.0006361323155216285,0.004452926208651399,0.003816793893129771,0.0019083969465648854,0.0031806615776081423,0.0,0.004452926208651399,0.0019083969465648854,0.0006361323155216285,0.0019083969465648854,0.003816793893129771,0.001272264631043257,0.0,0.0006361323155216285,0.001272264631043257,0.0031806615776081423,0.0,0.0031806615776081423,0.001272264631043257
1793ready84,0.002245508982035928,0.0,0.0037425149700598802,0.006736526946107785,0.0,0.0014970059880239522,0.005988023952095809,0.0074850299401197605,0.002245508982035928,0.0007485029940119761,0.0029940119760479044,0.0007485029940119761,0.0014970059880239522,0.005988023952095809,0.0,0.005239520958083832,0.005988023952095809,0.0014970059880239522,0.0,0.0014970059880239522,0.0,0.0014970059880239522,0.0,0.0014970059880239522,0.0007485029940119761,0.002245508982035928,0.002245508982035928,0.002245508982035928,0.002245508982035928,0.0014970059880239522,0.0007485029940119761,0.0,0.0007485029940119761,0.0,0.0014970059880239522,0.0007485029940119761,0.006736526946107785,0.0037425149700598802,0.0,0.0014970059880239522,0.01122754491017964,0.0007485029940119761,0.0029940119760479044,0.0007485029940119761,0.0014970059880239522,0.0007485029940119761,0.0,0.004491017964071856,0.0,0.0014970059880239522,0.005239520958083832,0.0014970059880239522,0.0014970059880239522,0.0014970059880239522,0.0,0.0,0.0007485029940119761,0.0029940119760479044,0.002245508982035928,0.0014970059880239522,0.0029940119760479044,0.0007485029940119761,0.0,0.0007485029940119761,0.0029940119760479044,0.0,0.0029940119760479044,0.0007485029940119761,0.0074850299401197605,0.010479041916167664,0.0014970059880239522,0.002245508982035928,0.002245508982035928,0.004491017964071856,0.002245508982035928,0.0014970059880239522,0.0007485029940119761,0.0029940119760479044,0.0007485029940119761,0.002245508982035928,0.005988023952095809,0.002245508982035928,0.0014970059880239522,0.0014970059880239522,0.011976047904191617,0.0007485029940119761,0.0029940119760479044,0.0,0.0,0.0,0.0029940119760479044,0.0037425149700598802,0.0014970059880239522,0.012724550898203593,0.0,0.002245508982035928,0.0007485029940119761,0.008233532934131737,0.0007485029940119761,0.0014970059880239522,0.002245508982035928,0.005239520958083832,0.002245508982035928,0.004491017964071856,0.0,0.0,0.0014970059880239522,0.0007485029940119761,0.004491017964071856,0.0014970059880239522,0.0,0.0,0.0007485029940119761,0.0014970059880239522,0.002245508982035928,0.002245508982035928,0.004491017964071856,0.0007485029940119761,0.0007485029940119761,0.004491017964071856,0.0,0.002245508982035928,0.0007485029940119761,0.005239520958083832,0.0014970059880239522,0.0014970059880239522,0.005988023952095809,0.0,0.0,0.004491017964071856,0.0007485029940119761,0.0,0.0014970059880239522,0.0014970059880239522,0.0014970059880239522,0.0,0.0007485029940119761,0.002245508982035928,0.002245508982035928,0.0014970059880239522,0.0,0.0007485029940119761,0.0029940119760479044,0.0007485029940119761,0.002245508982035928,0.0014970059880239522,0.0007485029940119761,0.002245508982035928,0.0007485029940119761,0.0,0.0,0.0037425149700598802,0.0007485029940119761,0.0014970059880239522,0.005239520958083832,0.0014970059880239522,0.0014970059880239522,0.005239520958083832,0.0007485029940119761,0.0,0.01347305389221557,0.0,0.0014970059880239522,0.0,0.0,0.0007485029940119761,0.0029940119760479044,0.0,0.0,0.002245508982035928,0.0,0.0,0.002245508982035928,0.006736526946107785,0.0037425149700598802,0.0007485029940119761,0.0037425149700598802,0.0007485029940119761,0.0007485029940119761,0.0,0.002245508982035928,0.0029940119760479044,0.0029940119760479044,0.0,0.0007485029940119761,0.0,0.0007485029940119761,0.0029940119760479044,0.0,0.002245508982035928,0.0007485029940119761,0.0029940119760479044,0.0,0.0007485029940119761,0.002245508982035928,0.0014970059880239522,0.0,0.0007485029940119761,0.0,0.002245508982035928,0.0014970059880239522,0.0029940119760479044,0.0029940119760479044,0.0,0.0014970059880239522,0.0007485029940119761,0.0007485029940119761,0.0014970059880239522,0.0007485029940119761,0.0014970059880239522,0.0007485029940119761,0.004491017964071856,0.0,0.0037425149700598802,0.0007485029940119761,0.0,0.0029940119760479044,0.0014970059880239522,0.0037425149700598802,0.0007485029940119761,0.0,0.005239520958083832,0.0,0.0007485029940119761,0.005239520958083832,0.002245508982035928,0.0,0.006736526946107785,0.0,0.0007485029940119761,0.0029940119760479044,0.0007485029940119761,0.0014970059880239522,0.0029940119760479044,0.005239520958083832,0.0029940119760479044,0.0037425149700598802,0.005239520958083832,0.0,0.006736526946107785,0.0014970059880239522,0.002245508982035928,0.0,0.002245508982035928,0.008233532934131737,0.0,0.002245508982035928,0.002245508982035928,0.0007485029940119761,0.0029940119760479044,0.0,0.002245508982035928,0.0007485029940119761,0.0029940119760479044,0.0007485029940119761,0.0014970059880239522,0.0,0.0,0.0007485029940119761,0.002245508982035928,0.0007485029940119761,0.025449101796407185,0.0,0.0037425149700598802,0.0014970059880239522,0.0007485029940119761,0.002245508982035928,0.0,0.0014970059880239522,0.0,0.002245508982035928,0.0014970059880239522,0.0,0.0007485029940119761,0.0007485029940119761,0.0,0.0029940119760479044,0.0014970059880239522,0.0,0.0007485029940119761,0.0014970059880239522,0.0007485029940119761,0.0,0.0,0.0014970059880239522,0.0029940119760479044,0.0007485029940119761,0.0007485029940119761,0.0029940119760479044,0.0,0.0014970059880239522,0.002245508982035928,0.002245508982035928,0.0029940119760479044,0.0029940119760479044,0.0,0.002245508982035928,0.0,0.0,0.0007485029940119761,0.0,0.0,0.0029940119760479044,0.0,0.0037425149700598802,0.0007485029940119761,0.0037425149700598802,0.0029940119760479044,0.004491017964071856,0.0,0.0014970059880239522,0.0,0.0037425149700598802,0.0007485029940119761,0.005239520958083832,0.0007485029940119761,0.0029940119760479044,0.0007485029940119761,0.0007485029940119761,0.0,0.0007485029940119761,0.0007485029940119761,0.0,0.0029940119760479044,0.0029940119760479044,0.002245508982035928,0.0037425149700598802,0.0,0.0,0.0029940119760479044,0.0,0.004491017964071856,0.0,0.0014970059880239522,0.0007485029940119761,0.0,0.0,0.0,0.0,0.0007485029940119761,0.0014970059880239522,0.0,0.0037425149700598802,0.0029940119760479044,0.0,0.0,0.0014970059880239522,0.0014970059880239522,0.005239520958083832,0.0,0.0007485029940119761,0.0,0.0014970059880239522,0.011976047904191617,0.0014970059880239522,0.0029940119760479044,0.0,0.0014970059880239522,0.0014970059880239522,0.004491017964071856,0.004491017964071856,0.0,0.0,0.0007485029940119761,0.002245508982035928,0.002245508982035928,0.0014970059880239522,0.0007485029940119761,0.0029940119760479044,0.0014970059880239522,0.0,0.0007485029940119761,0.0029940119760479044,0.0029940119760479044,0.0,0.002245508982035928,0.0007485029940119761,0.0,0.0,0.0014970059880239522,0.0007485029940119761,0.0014970059880239522,0.0014970059880239522,0.0,0.005988023952095809,0.0014970059880239522,0.004491017964071856,0.0,0.0029940119760479044,0.0029940119760479044,0.0029940119760479044,0.0007485029940119761,0.0037425149700598802,0.005239520958083832,0.0014970059880239522,0.0,0.0007485029940119761,0.0029940119760479044,0.0007485029940119761,0.002245508982035928,0.0037425149700598802,0.0,0.0007485029940119761,0.0029940119760479044,0.0029940119760479044,0.002245508982035928,0.0,0.0014970059880239522,0.0007485029940119761,0.0029940119760479044,0.0029940119760479044,0.005239520958083832,0.0014970059880239522,0.004491017964071856,0.0,0.0014970059880239522,0.0,0.0007485029940119761,0.0029940119760479044,0.0,0.0029940119760479044,0.0014970059880239522,0.002245508982035928,0.0029940119760479044,0.002245508982035928,0.0,0.0014970059880239522,0.0007485029940119761,0.0014970059880239522,0.006736526946107785,0.005988023952095809,0.004491017964071856,0.02470059880239521,0.0029940119760479044,0.0,0.0037425149700598802,0.0037425149700598802,0.002245508982035928,0.0037425149700598802,0.0,0.0,0.0029940119760479044,0.0014970059880239522,0.0,0.0014970059880239522,0.0037425149700598802,0.0014970059880239522,0.002245508982035928,0.0,0.0007485029940119761,0.0,0.0,0.0014970059880239522,0.0029940119760479044,0.005239520958083832,0.0,0.0014970059880239522,0.005239520958083832,0.0014970059880239522,0.0007485029940119761,0.0007485029940119761,0.0,0.002245508982035928,0.002245508982035928,0.0037425149700598802,0.0014970059880239522,0.002245508982035928,0.0,0.0007485029940119761,0.0,0.0007485029940119761,0.0,0.0037425149700598802,0.0029940119760479044,0.002245508982035928,0.0014970059880239522,0.0014970059880239522,0.0007485029940119761,0.0,0.0007485029940119761,0.0,0.0014970059880239522,0.002245508982035928,0.0,0.0,0.0,0.0007485029940119761,0.0029940119760479044,0.0,0.0,0.0,0.0037425149700598802,0.0007485029940119761,0.0007485029940119761,0.0029940119760479044,0.002245508982035928,0.0014970059880239522,0.0074850299401197605,0.0029940119760479044,0.002245508982035928,0.0,0.0007485029940119761,0.0014970059880239522,0.0014970059880239522,0.0037425149700598802,0.0029940119760479044,0.0037425149700598802,0.0014970059880239522,0.002245508982035928,0.0,0.0014970059880239522,0.0014970059880239522
1793ready90,0.002205071664829107,0.0005512679162072767,0.0011025358324145535,0.0033076074972436605,0.0005512679162072767,0.004961411245865491,0.0011025358324145535,0.0016538037486218302,0.0011025358324145535,0.0027563395810363835,0.002205071664829107,0.002205071664829107,0.0011025358324145535,0.0,0.0016538037486218302,0.0016538037486218302,0.0011025358324145535,0.0011025358324145535,0.004410143329658214,0.002205071664829107,0.0011025358324145535,0.0016538037486218302,0.0011025358324145535,0.0005512679162072767,0.0005512679162072767,0.0,0.0027563395810363835,0.0016538037486218302,0.0033076074972436605,0.0016538037486218302,0.0016538037486218302,0.0,0.0005512679162072767,0.002205071664829107,0.0,0.0016538037486218302,0.0027563395810363835,0.004410143329658214,0.0027563395810363835,0.0005512679162072767,0.0005512679162072767,0.003858875413450937,0.011576626240352812,0.002205071664829107,0.0016538037486218302,0.0,0.0005512679162072767,0.0011025358324145535,0.0,0.002205071664829107,0.0005512679162072767,0.003858875413450937,0.0016538037486218302,0.002205071664829107,0.0,0.002205071664829107,0.003858875413450937,0.002205071664829107,0.0033076074972436605,0.0027563395810363835,0.002205071664829107,0.0033076074972436605,0.0027563395810363835,0.0011025358324145535,0.0005512679162072767,0.0005512679162072767,0.0011025358324145535,0.0005512679162072767,0.0005512679162072767,0.002205071664829107,0.004410143329658214,0.004410143329658214,0.0005512679162072767,0.0016538037486218302,0.0,0.0016538037486218302,0.0011025358324145535,0.0033076074972436605,0.002205071664829107,0.0016538037486218302,0.002205071664829107,0.0016538037486218302,0.0016538037486218302,0.002205071664829107,0.0016538037486218302,0.0011025358324145535,0.005512679162072767,0.0016538037486218302,0.0027563395810363835,0.003858875413450937,0.0005512679162072767,0.0,0.0016538037486218302,0.0005512679162072767,0.0016538037486218302,0.006063947078280044,0.0027563395810363835,0.0016538037486218302,0.0,0.0033076074972436605,0.0005512679162072767,0.0005512679162072767,0.0005512679162072767,0.0016538037486218302,0.0005512679162072767,0.0027563395810363835,0.0033076074972436605,0.0005512679162072767,0.0011025358324145535,0.004410143329658214,0.0016538037486218302,0.0016538037486218302,0.0016538037486218302,0.0005512679162072767,0.003858875413450937,0.002205071664829107,0.002205071664829107,0.0016538037486218302,0.0027563395810363835,0.0016538037486218302,0.0033076074972436605,0.0027563395810363835,0.0016538037486218302,0.004410143329658214,0.0027563395810363835,0.002205071664829107,0.0016538037486218302,0.0005512679162072767,0.0011025358324145535,0.0,0.002205071664829107,0.0016538037486218302,0.0011025358324145535,0.0005512679162072767,0.0027563395810363835,0.0005512679162072767,0.006615214994487321,0.0016538037486218302,0.0005512679162072767,0.0033076074972436605,0.0005512679162072767,0.002205071664829107,0.0005512679162072767,0.0027563395810363835,0.0016538037486218302,0.002205071664829107,0.0033076074972436605,0.0005512679162072767,0.0011025358324145535,0.002205071664829107,0.003858875413450937,0.0011025358324145535,0.0,0.0005512679162072767,0.0016538037486218302,0.0005512679162072767,0.0011025358324145535,0.0016538037486218302,0.0016538037486218302,0.0011025358324145535,0.0033076074972436605,0.0005512679162072767,0.009922822491730982,0.0005512679162072767,0.0016538037486218302,0.0016538037486218302,0.0005512679162072767,0.0016538037486218302,0.009922822491730982,0.0,0.0,0.004410143329658214,0.0,0.0005512679162072767,0.0033076074972436605,0.0033076074972436605,0.0016538037486218302,0.0005512679162072767,0.0005512679162072767,0.0011025358324145535,0.0005512679162072767,0.0011025358324145535,0.0011025358324145535,0.002205071664829107,0.0,0.0027563395810363835,0.0,0.0033076074972436605,0.0016538037486218302,0.0011025358324145535,0.007717750826901874,0.0016538037486218302,0.0011025358324145535,0.0,0.0005512679162072767,0.0016538037486218302,0.0011025358324145535,0.0011025358324145535,0.0,0.0011025358324145535,0.0033076074972436605,0.005512679162072767,0.0005512679162072767,0.0005512679162072767,0.0005512679162072767,0.0033076074972436605,0.0,0.0016538037486218302,0.002205071664829107,0.0,0.002205071664829107,0.0005512679162072767,0.002205071664829107,0.0,0.0011025358324145535,0.0016538037486218302,0.0016538037486218302,0.0011025358324145535,0.0027563395810363835,0.0011025358324145535,0.0016538037486218302,0.0,0.0016538037486218302,0.0005512679162072767,0.0011025358324145535,0.007166482910694598,0.0033076074972436605,0.0011025358324145535,0.004410143329658214,0.002205071664829107,0.003858875413450937,0.007717750826901874,0.0027563395810363835,0.002205071664829107,0.002205071664829107,0.0011025358324145535,0.002205071664829107,0.004410143329658214,0.0027563395810363835,0.0,0.009922822491730982,0.0033076074972436605,0.0011025358324145535,0.0,0.0016538037486218302,0.002205071664829107,0.0016538037486218302,0.0011025358324145535,0.0027563395810363835,0.0005512679162072767,0.0027563395810363835,0.0,0.0016538037486218302,0.002205071664829107,0.0016538037486218302,0.002205071664829107,0.0011025358324145535,0.0005512679162072767,0.002205071664829107,0.002205071664829107,0.002205071664829107,0.003858875413450937,0.013781697905181918,0.0005512679162072767,0.002205071664829107,0.002205071664829107,0.0005512679162072767,0.009922822491730982,0.0005512679162072767,0.005512679162072767,0.0027563395810363835,0.0016538037486218302,0.0011025358324145535,0.002205071664829107,0.0005512679162072767,0.0005512679162072767,0.004410143329658214,0.002205071664829107,0.0016538037486218302,0.0,0.0011025358324145535,0.0016538037486218302,0.0011025358324145535,0.002205071664829107,0.0005512679162072767,0.0016538037486218302,0.0011025358324145535,0.0,0.007717750826901874,0.0005512679162072767,0.0011025358324145535,0.0027563395810363835,0.0011025358324145535,0.002205071664829107,0.0027563395810363835,0.002205071664829107,0.0005512679162072767,0.006615214994487321,0.0011025358324145535,0.0016538037486218302,0.0,0.0005512679162072767,0.0033076074972436605,0.003858875413450937,0.0005512679162072767,0.002205071664829107,0.0011025358324145535,0.004410143329658214,0.0016538037486218302,0.0033076074972436605,0.002205071664829107,0.0011025358324145535,0.0016538037486218302,0.0016538037486218302,0.004961411245865491,0.0033076074972436605,0.0005512679162072767,0.0033076074972436605,0.0005512679162072767,0.0005512679162072767,0.0,0.0027563395810363835,0.0011025358324145535,0.0,0.0016538037486218302,0.0016538037486218302,0.0011025358324145535,0.0011025358324145535,0.0005512679162072767,0.0,0.0005512679162072767,0.0005512679162072767,0.003858875413450937,0.0005512679162072767,0.0016538037486218302,0.0005512679162072767,0.0016538037486218302,0.0,0.0005512679162072767,0.0,0.0005512679162072767,0.0027563395810363835,0.002205071664829107,0.0027563395810363835,0.0016538037486218302,0.0033076074972436605,0.0011025358324145535,0.002205071664829107,0.0033076074972436605,0.0,0.0011025358324145535,0.0011025358324145535,0.0027563395810363835,0.006063947078280044,0.003858875413450937,0.002205071664829107,0.0005512679162072767,0.0027563395810363835,0.0027563395810363835,0.0033076074972436605,0.0005512679162072767,0.0005512679162072767,0.0005512679162072767,0.0,0.0016538037486218302,0.0011025358324145535,0.006063947078280044,0.0005512679162072767,0.0027563395810363835,0.0016538037486218302,0.0011025358324145535,0.0,0.002205071664829107,0.003858875413450937,0.0011025358324145535,0.002205071664829107,0.0016538037486218302,0.0,0.0,0.0016538037486218302,0.0011025358324145535,0.0005512679162072767,0.0011025358324145535,0.0011025358324145535,0.0011025358324145535,0.002205071664829107,0.003858875413450937,0.0005512679162072767,0.002205071664829107,0.0011025358324145535,0.0,0.0027563395810363835,0.0027563395810363835,0.004410143329658214,0.0016538037486218302,0.004410143329658214,0.0005512679162072767,0.006063947078280044,0.0011025358324145535,0.003858875413450937,0.0011025358324145535,0.0016538037486218302,0.0005512679162072767,0.0005512679162072767,0.0016538037486218302,0.0011025358324145535,0.0011025358324145535,0.0011025358324145535,0.0005512679162072767,0.004961411245865491,0.004961411245865491,0.002205071664829107,0.0011025358324145535,0.002205071664829107,0.0,0.0011025358324145535,0.006615214994487321,0.0005512679162072767,0.0016538037486218302,0.002205071664829107,0.0,0.0,0.003858875413450937,0.0,0.0011025358324145535,0.0,0.003858875413450937,0.0011025358324145535,0.0016538037486218302,0.003858875413450937,0.004961411245865491,0.004410143329658214,0.015986769570011026,0.0011025358324145535,0.0,0.0027563395810363835,0.0011025358324145535,0.002205071664829107,0.003858875413450937,0.0011025358324145535,0.0,0.005512679162072767,0.0016538037486218302,0.0011025358324145535,0.0033076074972436605,0.008820286659316428,0.0027563395810363835,0.0016538037486218302,0.002205071664829107,0.0016538037486218302,0.0005512679162072767,0.0005512679162072767,0.0011025358324145535,0.004410143329658214,0.0011025358324145535,0.0033076074972436605,0.0016538037486218302,0.0027563395810363835,0.0011025358324145535,0.002205071664829107,0.0005512679162072767,0.0,0.007166482910694598,0.0011025358324145535,0.0016538037486218302,0.0011025358324145535,0.003858875413450937,0.0016538037486218302,0.0005512679162072767,0.0,0.0005512679162072767,0.0005512679162072767,0.002205071664829107,0.002205071664829107,0.002205071664829107,0.0027563395810363835,0.0011025358324145535,0.0,0.0027563395810363835,0.002205071664829107,0.0005512679162072767,0.0,0.0027563395810363835,0.0011025358324145535,0.0005512679162072767,0.0011025358324145535,0.0011025358324145535,0.0,0.0,0.0005512679162072767,0.0027563395810363835,0.0027563395810363835,0.003858875413450937,0.0005512679162072767,0.002205071664829107,0.0027563395810363835,0.0016538037486218302,0.002205071664829107,0.002205071664829107,0.002205071664829107,0.0016538037486218302,0.0011025358324145535,0.003858875413450937,0.002205071664829107,0.0005512679162072767,0.0016538037486218302,0.0005512679162072767,0.002205071664829107,0.0033076074972436605,0.0005512679162072767,0.0011025358324145535,0.002205071664829107
1803lateDisease5,0.003003003003003003,0.001716001716001716,0.001716001716001716,0.002145002145002145,0.001716001716001716,0.0,0.002574002574002574,0.002574002574002574,0.000858000858000858,0.0,0.003003003003003003,0.000429000429000429,0.001716001716001716,0.002574002574002574,0.002574002574002574,0.000858000858000858,0.001287001287001287,0.000858000858000858,0.001716001716001716,0.002145002145002145,0.000429000429000429,0.001287001287001287,0.003003003003003003,0.001287001287001287,0.001287001287001287,0.0,0.003003003003003003,0.001716001716001716,0.005577005577005577,0.001287001287001287,0.0,0.002145002145002145,0.00429000429000429,0.000429000429000429,0.000858000858000858,0.002574002574002574,0.002574002574002574,0.003432003432003432,0.0,0.001716001716001716,0.0,0.001287001287001287,0.0,0.001287001287001287,0.002145002145002145,0.002145002145002145,0.001716001716001716,0.002145002145002145,0.00429000429000429,0.003432003432003432,0.001716001716001716,0.002145002145002145,0.0,0.001716001716001716,0.002145002145002145,0.00429000429000429,0.003003003003003003,0.003003003003003003,0.004719004719004719,0.001716001716001716,0.000429000429000429,0.003432003432003432,0.002145002145002145,0.006006006006006006,0.001287001287001287,0.002574002574002574,0.001287001287001287,0.002145002145002145,0.000858000858000858,0.0,0.002145002145002145,0.0,0.002574002574002574,0.000429000429000429,0.002145002145002145,0.000858000858000858,0.002145002145002145,0.002145002145002145,0.001287001287001287,0.002145002145002145,0.002574002574002574,0.000858000858000858,0.000429000429000429,0.002574002574002574,0.000429000429000429,0.002574002574002574,0.0,0.002574002574002574,0.003432003432003432,0.002145002145002145,0.004719004719004719,0.002574002574002574,0.0,0.003003003003003003,0.002145002145002145,0.005148005148005148,0.002574002574002574,0.000858000858000858,0.000858000858000858,0.001716001716001716,0.002145002145002145,0.0,0.000858000858000858,0.001287001287001287,0.000858000858000858,0.001287001287001287,0.002574002574002574,0.000429000429000429,0.002145002145002145,0.001287001287001287,0.000858000858000858,0.004719004719004719,0.001716001716001716,0.001716001716001716,0.000858000858000858,0.000858000858000858,0.0,0.004719004719004719,0.001287001287001287,0.003861003861003861,0.001716001716001716,0.002574002574002574,0.0,0.003432003432003432,0.003861003861003861,0.000429000429000429,0.001716001716001716,0.001716001716001716,0.001716001716001716,0.002574002574002574,0.002145002145002145,0.0,0.002145002145002145,0.002145002145002145,0.003432003432003432,0.002145002145002145,0.003003003003003003,0.003432003432003432,0.002145002145002145,0.000858000858000858,0.0,0.001287001287001287,0.003861003861003861,0.001716001716001716,0.002145002145002145,0.002145002145002145,0.00429000429000429,0.001287001287001287,0.002145002145002145,0.002145002145002145,0.002574002574002574,0.002574002574002574,0.002574002574002574,0.003003003003003003,0.001287001287001287,0.003432003432003432,0.002145002145002145,0.003861003861003861,0.001716001716001716,0.000858000858000858,0.001287001287001287,0.00429000429000429,0.0,0.001287001287001287,0.003432003432003432,0.001287001287001287,0.004719004719004719,0.000429000429000429,0.000429000429000429,0.00429000429000429,0.001287001287001287,0.003003003003003003,0.003861003861003861,0.000858000858000858,0.002574002574002574,0.001287001287001287,0.001287001287001287,0.001716001716001716,0.002574002574002574,0.000858000858000858,0.006435006435006435,0.002145002145002145,0.0,0.002574002574002574,0.002574002574002574,0.001716001716001716,0.001716001716001716,0.002574002574002574,0.000429000429000429,0.003432003432003432,0.003003003003003003,0.002145002145002145,0.0,0.002574002574002574,0.001716001716001716,0.003432003432003432,0.000429000429000429,0.003432003432003432,0.002145002145002145,0.002574002574002574,0.003003003003003003,0.003003003003003003,0.001287001287001287,0.001716001716001716,0.001716001716001716,0.0,0.000429000429000429,0.000429000429000429,0.003432003432003432,0.003003003003003003,0.003432003432003432,0.004719004719004719,0.000858000858000858,0.003003003003003003,0.003003003003003003,0.000858000858000858,0.000429000429000429,0.001716001716001716,0.001716001716001716,0.001716001716001716,0.002145002145002145,0.003432003432003432,0.002574002574002574,0.002574002574002574,0.000429000429000429,0.001287001287001287,0.004719004719004719,0.00429000429000429,0.0,0.000858000858000858,0.001716001716001716,0.003432003432003432,0.001287001287001287,0.002145002145002145,0.0,0.002145002145002145,0.003003003003003003,0.001287001287001287,0.000858000858000858,0.001716001716001716,0.0,0.001716001716001716,0.002574002574002574,0.000858000858000858,0.003003003003003003,0.000429000429000429,0.002574002574002574,0.00429000429000429,0.003861003861003861,0.002145002145002145,0.000429000429000429,0.004719004719004719,0.000429000429000429,0.0,0.003003003003003003,0.002574002574002574,0.000429000429000429,0.003861003861003861,0.001287001287001287,0.003003003003003003,0.003003003003003003,0.003861003861003861,0.0,0.001287001287001287,0.001716001716001716,0.000858000858000858,0.002574002574002574,0.002145002145002145,0.000858000858000858,0.002145002145002145,0.000429000429000429,0.000858000858000858,0.000858000858000858,0.003432003432003432,0.002574002574002574,0.001287001287001287,0.001716001716001716,0.000429000429000429,0.002574002574002574,0.002145002145002145,0.002145002145002145,0.002574002574002574,0.001716001716001716,0.000858000858000858,0.001716001716001716,0.001716001716001716,0.001716001716001716,0.002574002574002574,0.001287001287001287,0.002145002145002145,0.002145002145002145,0.001716001716001716,0.003003003003003003,0.0,0.001287001287001287,0.001716001716001716,0.003432003432003432,0.002145002145002145,0.003861003861003861,0.001287001287001287,0.002145002145002145,0.001287001287001287,0.002574002574002574,0.001716001716001716,0.004719004719004719,0.002574002574002574,0.002145002145002145,0.003432003432003432,0.000429000429000429,0.001287001287001287,0.002145002145002145,0.000858000858000858,0.002145002145002145,0.00429000429000429,0.002145002145002145,0.002145002145002145,0.002145002145002145,0.002145002145002145,0.000429000429000429,0.003432003432003432,0.001716001716001716,0.003861003861003861,0.004719004719004719,0.001287001287001287,0.001716001716001716,0.000429000429000429,0.002145002145002145,0.000429000429000429,0.0,0.003003003003003003,0.000429000429000429,0.003003003003003003,0.0,0.002574002574002574,0.001287001287001287,0.001716001716001716,0.003003003003003003,0.000429000429000429,0.002574002574002574,0.002574002574002574,0.0,0.002574002574002574,0.001287001287001287,0.000858000858000858,0.003432003432003432,0.001287001287001287,0.001716001716001716,0.001287001287001287,0.000858000858000858,0.002145002145002145,0.002145002145002145,0.001716001716001716,0.002145002145002145,0.0,0.000429000429000429,0.001287001287001287,0.002574002574002574,0.001716001716001716,0.001716001716001716,0.001716001716001716,0.000429000429000429,0.000429000429000429,0.001716001716001716,0.003861003861003861,0.003003003003003003,0.001287001287001287,0.001287001287001287,0.001716001716001716,0.003861003861003861,0.001716001716001716,0.000858000858000858,0.001287001287001287,0.002574002574002574,0.002574002574002574,0.001287001287001287,0.002145002145002145,0.003003003003003003,0.001716001716001716,0.001287001287001287,0.003432003432003432,0.002574002574002574,0.000858000858000858,0.003432003432003432,0.003003003003003003,0.0,0.000858000858000858,0.000858000858000858,0.002574002574002574,0.003003003003003003,0.003861003861003861,0.002145002145002145,0.002574002574002574,0.0,0.002145002145002145,0.0,0.001287001287001287,0.003861003861003861,0.00429000429000429,0.003432003432003432,0.001716001716001716,0.003003003003003003,0.002145002145002145,0.003861003861003861,0.002145002145002145,0.0,0.000429000429000429,0.0,0.001287001287001287,0.001716001716001716,0.002145002145002145,0.001716001716001716,0.002574002574002574,0.0,0.003861003861003861,0.001287001287001287,0.003003003003003003,0.002574002574002574,0.001287001287001287,0.0,0.00429000429000429,0.003861003861003861,0.000858000858000858,0.002574002574002574,0.001716001716001716,0.000429000429000429,0.002145002145002145,0.0,0.001287001287001287,0.004719004719004719,0.001716001716001716,0.001716001716001716,0.002574002574002574,0.0,0.003003003003003003,0.001287001287001287,0.001287001287001287,0.001287001287001287,0.000858000858000858,0.001716001716001716,0.003003003003003003,0.001287001287001287,0.001287001287001287,0.000858000858000858,0.003003003003003003,0.005577005577005577,0.001716001716001716,0.002574002574002574,0.0,0.003432003432003432,0.001287001287001287,0.003432003432003432,0.001287001287001287,0.002574002574002574,0.001287001287001287,0.000858000858000858,0.001287001287001287,0.002145002145002145,0.003432003432003432,0.000429000429000429,0.000429000429000429,0.0,0.002145002145002145,0.003003003003003003,0.005148005148005148,0.002145002145002145,0.003432003432003432,0.000858000858000858,0.003003003003003003,0.001287001287001287,0.002145002145002145,0.002574002574002574,0.002145002145002145,0.000429000429000429,0.003003003003003003,0.002145002145002145,0.000858000858000858,0.002574002574002574,0.002574002574002574,0.000429000429000429,0.000429000429000429,0.001287001287001287,0.000429000429000429,0.004719004719004719,0.002574002574002574,0.003003003003003003,0.005148005148005148,0.001716001716001716,0.001287001287001287,0.001287001287001287,0.001716001716001716,0.003432003432003432,0.002574002574002574,0.002574002574002574,0.001716001716001716,0.001287001287001287,0.001716001716001716,0.000858000858000858,0.001287001287001287,0.002574002574002574,0.003432003432003432,0.003003003003003003,0.001287001287001287,0.000858000858000858,0.001716001716001716,0.002145002145002145,0.002145002145002145,0.001287001287001287,0.002574002574002574,0.002574002574002574,0.0,0.001287001287001287,0.000429000429000429
1804lateDisease1,0.0009053870529651426,0.002716161158895428,0.0004526935264825713,0.002716161158895428,0.001358080579447714,0.0,0.003168854685377999,0.001358080579447714,0.001358080579447714,0.0004526935264825713,0.0022634676324128564,0.0018107741059302852,0.0036215482118605704,0.0009053870529651426,0.0018107741059302852,0.0009053870529651426,0.0036215482118605704,0.0,0.0036215482118605704,0.003168854685377999,0.0004526935264825713,0.001358080579447714,0.0018107741059302852,0.0022634676324128564,0.0004526935264825713,0.0,0.0018107741059302852,0.001358080579447714,0.001358080579447714,0.001358080579447714,0.0,0.003168854685377999,0.006337709370755998,0.0022634676324128564,0.004074241738343142,0.0022634676324128564,0.0018107741059302852,0.001358080579447714,0.0022634676324128564,0.0,0.0009053870529651426,0.0018107741059302852,0.0,0.0018107741059302852,0.002716161158895428,0.0009053870529651426,0.0009053870529651426,0.0009053870529651426,0.005885015844273427,0.0018107741059302852,0.002716161158895428,0.0004526935264825713,0.0,0.001358080579447714,0.0018107741059302852,0.0009053870529651426,0.001358080579447714,0.0,0.0036215482118605704,0.0009053870529651426,0.001358080579447714,0.0018107741059302852,0.003168854685377999,0.0009053870529651426,0.007243096423721141,0.0009053870529651426,0.0022634676324128564,0.001358080579447714,0.0004526935264825713,0.0004526935264825713,0.0009053870529651426,0.0004526935264825713,0.0018107741059302852,0.0022634676324128564,0.0022634676324128564,0.001358080579447714,0.0009053870529651426,0.0018107741059302852,0.0022634676324128564,0.0018107741059302852,0.0022634676324128564,0.0018107741059302852,0.0,0.0004526935264825713,0.0009053870529651426,0.0018107741059302852,0.0018107741059302852,0.0004526935264825713,0.0022634676324128564,0.0018107741059302852,0.0004526935264825713,0.0036215482118605704,0.0,0.0022634676324128564,0.0,0.0009053870529651426,0.0009053870529651426,0.0004526935264825713,0.005432322317790856,0.0022634676324128564,0.0004526935264825713,0.0,0.0022634676324128564,0.005432322317790856,0.0004526935264825713,0.0018107741059302852,0.001358080579447714,0.0009053870529651426,0.004074241738343142,0.0018107741059302852,0.001358080579447714,0.002716161158895428,0.0018107741059302852,0.001358080579447714,0.004074241738343142,0.0009053870529651426,0.0,0.0022634676324128564,0.001358080579447714,0.001358080579447714,0.0018107741059302852,0.001358080579447714,0.0,0.0009053870529651426,0.003168854685377999,0.0009053870529651426,0.001358080579447714,0.002716161158895428,0.002716161158895428,0.001358080579447714,0.0022634676324128564,0.0,0.007243096423721141,0.0009053870529651426,0.001358080579447714,0.0004526935264825713,0.0022634676324128564,0.001358080579447714,0.002716161158895428,0.0009053870529651426,0.0,0.001358080579447714,0.0022634676324128564,0.0018107741059302852,0.0,0.0018107741059302852,0.0009053870529651426,0.004074241738343142,0.003168854685377999,0.0018107741059302852,0.0009053870529651426,0.004526935264825713,0.002716161158895428,0.0009053870529651426,0.0022634676324128564,0.001358080579447714,0.002716161158895428,0.0018107741059302852,0.0009053870529651426,0.0009053870529651426,0.0009053870529651426,0.0022634676324128564,0.0,0.0036215482118605704,0.0,0.002716161158895428,0.004979628791308284,0.0022634676324128564,0.0018107741059302852,0.0022634676324128564,0.002716161158895428,0.0009053870529651426,0.0009053870529651426,0.004074241738343142,0.0018107741059302852,0.0018107741059302852,0.003168854685377999,0.0009053870529651426,0.004979628791308284,0.0018107741059302852,0.007243096423721141,0.0022634676324128564,0.0009053870529651426,0.004526935264825713,0.0022634676324128564,0.0036215482118605704,0.001358080579447714,0.004526935264825713,0.0009053870529651426,0.0022634676324128564,0.0022634676324128564,0.0004526935264825713,0.0,0.0036215482118605704,0.0004526935264825713,0.001358080579447714,0.001358080579447714,0.0009053870529651426,0.003168854685377999,0.004074241738343142,0.0009053870529651426,0.001358080579447714,0.001358080579447714,0.0022634676324128564,0.0018107741059302852,0.0004526935264825713,0.002716161158895428,0.0009053870529651426,0.0009053870529651426,0.0,0.003168854685377999,0.001358080579447714,0.0018107741059302852,0.0022634676324128564,0.0018107741059302852,0.001358080579447714,0.001358080579447714,0.0009053870529651426,0.001358080579447714,0.004526935264825713,0.002716161158895428,0.004074241738343142,0.0,0.001358080579447714,0.0004526935264825713,0.0022634676324128564,0.0018107741059302852,0.0018107741059302852,0.001358080579447714,0.0036215482118605704,0.0022634676324128564,0.001358080579447714,0.002716161158895428,0.005885015844273427,0.0,0.001358080579447714,0.0022634676324128564,0.0009053870529651426,0.0,0.0,0.0,0.0036215482118605704,0.0004526935264825713,0.0022634676324128564,0.0009053870529651426,0.0004526935264825713,0.0,0.001358080579447714,0.0009053870529651426,0.001358080579447714,0.0018107741059302852,0.004074241738343142,0.0004526935264825713,0.0018107741059302852,0.0018107741059302852,0.001358080579447714,0.0009053870529651426,0.0018107741059302852,0.0022634676324128564,0.004526935264825713,0.005432322317790856,0.001358080579447714,0.0,0.004074241738343142,0.002716161158895428,0.0,0.002716161158895428,0.0018107741059302852,0.0022634676324128564,0.0018107741059302852,0.001358080579447714,0.0009053870529651426,0.002716161158895428,0.0009053870529651426,0.001358080579447714,0.0022634676324128564,0.003168854685377999,0.0009053870529651426,0.0022634676324128564,0.006337709370755998,0.003168854685377999,0.0,0.0009053870529651426,0.004526935264825713,0.004074241738343142,0.004526935264825713,0.0,0.0018107741059302852,0.001358080579447714,0.0004526935264825713,0.004074241738343142,0.0022634676324128564,0.0022634676324128564,0.0,0.0018107741059302852,0.0009053870529651426,0.003168854685377999,0.0018107741059302852,0.001358080579447714,0.0036215482118605704,0.001358080579447714,0.0004526935264825713,0.0022634676324128564,0.002716161158895428,0.0009053870529651426,0.001358080579447714,0.0009053870529651426,0.0009053870529651426,0.001358080579447714,0.0004526935264825713,0.0036215482118605704,0.002716161158895428,0.0018107741059302852,0.002716161158895428,0.001358080579447714,0.0022634676324128564,0.0004526935264825713,0.003168854685377999,0.0004526935264825713,0.002716161158895428,0.002716161158895428,0.0009053870529651426,0.0009053870529651426,0.0018107741059302852,0.0009053870529651426,0.0,0.0018107741059302852,0.001358080579447714,0.0022634676324128564,0.002716161158895428,0.0018107741059302852,0.002716161158895428,0.0018107741059302852,0.004074241738343142,0.0018107741059302852,0.001358080579447714,0.002716161158895428,0.0009053870529651426,0.002716161158895428,0.0022634676324128564,0.0036215482118605704,0.0,0.001358080579447714,0.0022634676324128564,0.001358080579447714,0.004074241738343142,0.0036215482118605704,0.001358080579447714,0.0018107741059302852,0.002716161158895428,0.001358080579447714,0.0022634676324128564,0.002716161158895428,0.0009053870529651426,0.001358080579447714,0.001358080579447714,0.002716161158895428,0.004979628791308284,0.0018107741059302852,0.0018107741059302852,0.0004526935264825713,0.004979628791308284,0.003168854685377999,0.003168854685377999,0.0009053870529651426,0.001358080579447714,0.003168854685377999,0.0004526935264825713,0.0009053870529651426,0.004979628791308284,0.003168854685377999,0.0009053870529651426,0.0022634676324128564,0.0004526935264825713,0.004074241738343142,0.002716161158895428,0.0022634676324128564,0.0004526935264825713,0.0018107741059302852,0.004074241738343142,0.0009053870529651426,0.0,0.0009053870529651426,0.001358080579447714,0.0009053870529651426,0.0009053870529651426,0.0022634676324128564,0.002716161158895428,0.0022634676324128564,0.004074241738343142,0.0004526935264825713,0.0009053870529651426,0.0009053870529651426,0.002716161158895428,0.0,0.0022634676324128564,0.003168854685377999,0.0018107741059302852,0.001358080579447714,0.0018107741059302852,0.004074241738343142,0.008148483476686284,0.004526935264825713,0.0022634676324128564,0.0,0.004979628791308284,0.0009053870529651426,0.0009053870529651426,0.005432322317790856,0.0018107741059302852,0.003168854685377999,0.002716161158895428,0.0,0.004074241738343142,0.0022634676324128564,0.0009053870529651426,0.001358080579447714,0.002716161158895428,0.0,0.0022634676324128564,0.0036215482118605704,0.0018107741059302852,0.0,0.001358080579447714,0.0,0.0022634676324128564,0.0018107741059302852,0.0009053870529651426,0.003168854685377999,0.001358080579447714,0.0009053870529651426,0.001358080579447714,0.0,0.0018107741059302852,0.0018107741059302852,0.004074241738343142,0.004526935264825713,0.001358080579447714,0.0018107741059302852,0.0018107741059302852,0.0018107741059302852,0.0018107741059302852,0.001358080579447714,0.005885015844273427,0.005885015844273427,0.0009053870529651426,0.003168854685377999,0.001358080579447714,0.003168854685377999,0.002716161158895428,0.0004526935264825713,0.0022634676324128564,0.0004526935264825713,0.003168854685377999,0.0018107741059302852,0.0018107741059302852,0.0022634676324128564,0.004074241738343142,0.0,0.002716161158895428,0.001358080579447714,0.002716161158895428,0.001358080579447714,0.009053870529651425,0.0009053870529651426,0.004074241738343142,0.001358080579447714,0.002716161158895428,0.004979628791308284,0.0,0.002716161158895428,0.0018107741059302852,0.0009053870529651426,0.004526935264825713,0.003168854685377999,0.0022634676324128564,0.0022634676324128564,0.003168854685377999,0.001358080579447714,0.001358080579447714,0.004979628791308284,0.0018107741059302852,0.004074241738343142,0.001358080579447714,0.0009053870529651426,0.0036215482118605704,0.0022634676324128564,0.0009053870529651426,0.002716161158895428,0.003168854685377999,0.003168854685377999,0.001358080579447714,0.0009053870529651426,0.0036215482118605704,0.0004526935264825713,0.001358080579447714,0.0009053870529651426,0.0004526935264825713,0.0009053870529651426,0.007243096423721141,0.004074241738343142,0.0004526935264825713,0.0004526935264825713,0.0004526935264825713,0.001358080579447714,0.0018107741059302852,0.003168854685377999,0.0018107741059302852,0.0018107741059302852,0.0004526935264825713,0.0009053870529651426,0.0022634676324128564
1808readyDisease6,0.0005614823133071309,0.0005614823133071309,0.0016844469399213925,0.0039303761931499155,0.0,0.0072992700729927005,0.0,0.0005614823133071309,0.0016844469399213925,0.002807411566535654,0.003368893879842785,0.0016844469399213925,0.0016844469399213925,0.003368893879842785,0.002807411566535654,0.003368893879842785,0.0,0.0016844469399213925,0.0016844469399213925,0.002807411566535654,0.0,0.0005614823133071309,0.0,0.0011229646266142617,0.0011229646266142617,0.0022459292532285235,0.0011229646266142617,0.0011229646266142617,0.005614823133071308,0.0,0.0022459292532285235,0.0011229646266142617,0.0005614823133071309,0.0016844469399213925,0.0011229646266142617,0.003368893879842785,0.0005614823133071309,0.0011229646266142617,0.0022459292532285235,0.0005614823133071309,0.0005614823133071309,0.0039303761931499155,0.0072992700729927005,0.003368893879842785,0.0016844469399213925,0.0005614823133071309,0.0011229646266142617,0.0005614823133071309,0.0011229646266142617,0.0039303761931499155,0.0,0.004491858506457047,0.0039303761931499155,0.0016844469399213925,0.002807411566535654,0.008422234699606962,0.00673778775968557,0.0039303761931499155,0.0022459292532285235,0.0039303761931499155,0.0022459292532285235,0.0016844469399213925,0.004491858506457047,0.002807411566535654,0.0,0.0039303761931499155,0.0016844469399213925,0.0005614823133071309,0.0016844469399213925,0.0005614823133071309,0.0016844469399213925,0.00673778775968557,0.003368893879842785,0.0016844469399213925,0.0,0.0016844469399213925,0.0011229646266142617,0.003368893879842785,0.008422234699606962,0.003368893879842785,0.0,0.0022459292532285235,0.003368893879842785,0.0039303761931499155,0.0016844469399213925,0.0011229646266142617,0.0072992700729927005,0.0016844469399213925,0.004491858506457047,0.0011229646266142617,0.003368893879842785,0.0005614823133071309,0.0011229646266142617,0.0016844469399213925,0.0022459292532285235,0.005614823133071308,0.0011229646266142617,0.0011229646266142617,0.0,0.0022459292532285235,0.0005614823133071309,0.0,0.004491858506457047,0.0022459292532285235,0.0,0.0005614823133071309,0.0050533408197641775,0.0,0.0011229646266142617,0.00673778775968557,0.0005614823133071309,0.0022459292532285235,0.003368893879842785,0.0005614823133071309,0.004491858506457047,0.0011229646266142617,0.0005614823133071309,0.0050533408197641775,0.0016844469399213925,0.0,0.004491858506457047,0.003368893879842785,0.0005614823133071309,0.006176305446378439,0.0016844469399213925,0.0005614823133071309,0.0005614823133071309,0.003368893879842785,0.0016844469399213925,0.0005614823133071309,0.0,0.0005614823133071309,0.0,0.0016844469399213925,0.0016844469399213925,0.0005614823133071309,0.006176305446378439,0.0016844469399213925,0.0011229646266142617,0.002807411566535654,0.0005614823133071309,0.0016844469399213925,0.0,0.006176305446378439,0.0039303761931499155,0.0005614823133071309,0.0,0.0011229646266142617,0.0011229646266142617,0.002807411566535654,0.0039303761931499155,0.0011229646266142617,0.0005614823133071309,0.002807411566535654,0.0016844469399213925,0.0039303761931499155,0.002807411566535654,0.007860752386299831,0.0022459292532285235,0.0016844469399213925,0.0039303761931499155,0.0022459292532285235,0.009545199326221224,0.0,0.002807411566535654,0.0005614823133071309,0.0005614823133071309,0.0005614823133071309,0.0011229646266142617,0.0011229646266142617,0.0,0.0016844469399213925,0.0,0.0022459292532285235,0.003368893879842785,0.0022459292532285235,0.0011229646266142617,0.0005614823133071309,0.0016844469399213925,0.003368893879842785,0.0,0.0011229646266142617,0.0011229646266142617,0.0005614823133071309,0.0022459292532285235,0.0005614823133071309,0.0011229646266142617,0.003368893879842785,0.002807411566535654,0.0022459292532285235,0.0050533408197641775,0.004491858506457047,0.0011229646266142617,0.0,0.0005614823133071309,0.0016844469399213925,0.0,0.0,0.0005614823133071309,0.002807411566535654,0.0039303761931499155,0.0005614823133071309,0.0,0.0005614823133071309,0.0005614823133071309,0.0011229646266142617,0.0005614823133071309,0.0005614823133071309,0.0016844469399213925,0.0,0.0016844469399213925,0.0022459292532285235,0.0011229646266142617,0.0,0.002807411566535654,0.0016844469399213925,0.0011229646266142617,0.0005614823133071309,0.0011229646266142617,0.003368893879842785,0.0050533408197641775,0.0005614823133071309,0.0011229646266142617,0.0005614823133071309,0.0011229646266142617,0.002807411566535654,0.0011229646266142617,0.0022459292532285235,0.003368893879842785,0.0005614823133071309,0.0005614823133071309,0.011229646266142616,0.0,0.0011229646266142617,0.004491858506457047,0.002807411566535654,0.0011229646266142617,0.004491858506457047,0.003368893879842785,0.0016844469399213925,0.005614823133071308,0.0,0.0022459292532285235,0.0,0.0022459292532285235,0.0,0.0016844469399213925,0.0022459292532285235,0.0005614823133071309,0.0005614823133071309,0.0016844469399213925,0.0050533408197641775,0.0005614823133071309,0.0011229646266142617,0.0050533408197641775,0.003368893879842785,0.0016844469399213925,0.0,0.0005614823133071309,0.0005614823133071309,0.0022459292532285235,0.002807411566535654,0.0072992700729927005,0.003368893879842785,0.0,0.0011229646266142617,0.0,0.002807411566535654,0.0,0.0016844469399213925,0.0022459292532285235,0.002807411566535654,0.0,0.0039303761931499155,0.0011229646266142617,0.0,0.0011229646266142617,0.002807411566535654,0.0011229646266142617,0.0,0.0039303761931499155,0.002807411566535654,0.0016844469399213925,0.0005614823133071309,0.0,0.002807411566535654,0.0039303761931499155,0.0005614823133071309,0.0005614823133071309,0.0005614823133071309,0.003368893879842785,0.0016844469399213925,0.0005614823133071309,0.0,0.0011229646266142617,0.0022459292532285235,0.0,0.0011229646266142617,0.0,0.0005614823133071309,0.0,0.0022459292532285235,0.002807411566535654,0.0005614823133071309,0.003368893879842785,0.003368893879842785,0.0011229646266142617,0.0050533408197641775,0.0011229646266142617,0.0022459292532285235,0.0011229646266142617,0.0022459292532285235,0.0039303761931499155,0.0011229646266142617,0.003368893879842785,0.0011229646266142617,0.0022459292532285235,0.0005614823133071309,0.0005614823133071309,0.0005614823133071309,0.0,0.0022459292532285235,0.0005614823133071309,0.0005614823133071309,0.002807411566535654,0.0016844469399213925,0.0,0.0,0.0011229646266142617,0.0,0.002807411566535654,0.0,0.0005614823133071309,0.0011229646266142617,0.0,0.0016844469399213925,0.002807411566535654,0.0,0.0005614823133071309,0.0,0.0,0.0072992700729927005,0.0,0.004491858506457047,0.0016844469399213925,0.0,0.002807411566535654,0.0016844469399213925,0.002807411566535654,0.0,0.0050533408197641775,0.0,0.0,0.0072992700729927005,0.003368893879842785,0.0022459292532285235,0.0050533408197641775,0.0022459292532285235,0.0011229646266142617,0.0050533408197641775,0.002807411566535654,0.0005614823133071309,0.0,0.003368893879842785,0.0011229646266142617,0.0011229646266142617,0.003368893879842785,0.0,0.006176305446378439,0.0039303761931499155,0.0016844469399213925,0.0,0.002807411566535654,0.003368893879842785,0.0,0.0022459292532285235,0.005614823133071308,0.0005614823133071309,0.0,0.0005614823133071309,0.004491858506457047,0.0,0.0016844469399213925,0.0016844469399213925,0.0016844469399213925,0.0022459292532285235,0.0016844469399213925,0.0,0.0011229646266142617,0.0022459292532285235,0.0022459292532285235,0.0022459292532285235,0.0039303761931499155,0.0011229646266142617,0.002807411566535654,0.0050533408197641775,0.0,0.0011229646266142617,0.0039303761931499155,0.0022459292532285235,0.0011229646266142617,0.0,0.0016844469399213925,0.0011229646266142617,0.0005614823133071309,0.0011229646266142617,0.0,0.0005614823133071309,0.0,0.0022459292532285235,0.0,0.00673778775968557,0.0016844469399213925,0.0011229646266142617,0.0,0.003368893879842785,0.0022459292532285235,0.0011229646266142617,0.0022459292532285235,0.0022459292532285235,0.0011229646266142617,0.0005614823133071309,0.003368893879842785,0.0,0.0011229646266142617,0.0,0.0011229646266142617,0.0005614823133071309,0.002807411566535654,0.0011229646266142617,0.0022459292532285235,0.0016844469399213925,0.01403705783267827,0.0011229646266142617,0.0005614823133071309,0.002807411566535654,0.0016844469399213925,0.002807411566535654,0.0005614823133071309,0.0022459292532285235,0.0005614823133071309,0.0022459292532285235,0.0,0.0,0.0005614823133071309,0.004491858506457047,0.0016844469399213925,0.0022459292532285235,0.0039303761931499155,0.002807411566535654,0.0,0.0,0.00673778775968557,0.002807411566535654,0.0005614823133071309,0.0016844469399213925,0.0005614823133071309,0.004491858506457047,0.0005614823133071309,0.0016844469399213925,0.0011229646266142617,0.0,0.0022459292532285235,0.0016844469399213925,0.0050533408197641775,0.003368893879842785,0.0016844469399213925,0.0016844469399213925,0.0016844469399213925,0.0011229646266142617,0.0005614823133071309,0.0005614823133071309,0.0011229646266142617,0.0016844469399213925,0.002807411566535654,0.00673778775968557,0.0011229646266142617,0.0005614823133071309,0.002807411566535654,0.0011229646266142617,0.0,0.0005614823133071309,0.004491858506457047,0.0016844469399213925,0.0005614823133071309,0.0011229646266142617,0.0016844469399213925,0.0011229646266142617,0.0011229646266142617,0.0005614823133071309,0.0005614823133071309,0.0039303761931499155,0.002807411566535654,0.0,0.005614823133071308,0.0050533408197641775,0.0011229646266142617,0.0016844469399213925,0.0022459292532285235,0.003368893879842785,0.0,0.0005614823133071309,0.0050533408197641775,0.0016844469399213925,0.0050533408197641775,0.0005614823133071309,0.0016844469399213925,0.0016844469399213925,0.002807411566535654,0.0016844469399213925,0.0011229646266142617,0.0022459292532285235
1802late98,0.0022598870056497176,0.003389830508474576,0.0,0.004519774011299435,0.0,0.0,0.003389830508474576,0.01694915254237288,0.0,0.0,0.0011299435028248588,0.020338983050847456,0.0011299435028248588,0.0011299435028248588,0.003389830508474576,0.0,0.0022598870056497176,0.0011299435028248588,0.0011299435028248588,0.0022598870056497176,0.0,0.0011299435028248588,0.003389830508474576,0.0,0.0,0.0,0.0022598870056497176,0.0,0.0011299435028248588,0.0,0.0011299435028248588,0.014689265536723164,0.0,0.0011299435028248588,0.0,0.004519774011299435,0.003389830508474576,0.0,0.0011299435028248588,0.0,0.0022598870056497176,0.0,0.0,0.003389830508474576,0.0011299435028248588,0.003389830508474576,0.0011299435028248588,0.003389830508474576,0.006779661016949152,0.0,0.0011299435028248588,0.0,0.0011299435028248588,0.0011299435028248588,0.0011299435028248588,0.0011299435028248588,0.0,0.0011299435028248588,0.0011299435028248588,0.0011299435028248588,0.0,0.010169491525423728,0.0,0.0,0.0,0.0022598870056497176,0.003389830508474576,0.005649717514124294,0.0,0.0022598870056497176,0.0,0.0,0.0011299435028248588,0.012429378531073447,0.00903954802259887,0.004519774011299435,0.0022598870056497176,0.0,0.004519774011299435,0.0011299435028248588,0.0022598870056497176,0.0022598870056497176,0.0,0.0022598870056497176,0.0,0.0,0.006779661016949152,0.0011299435028248588,0.0,0.0,0.0011299435028248588,0.0,0.0022598870056497176,0.0,0.0022598870056497176,0.0,0.003389830508474576,0.0022598870056497176,0.003389830508474576,0.0,0.0011299435028248588,0.0,0.005649717514124294,0.007909604519774011,0.0022598870056497176,0.0022598870056497176,0.0,0.003389830508474576,0.0,0.003389830508474576,0.0011299435028248588,0.0011299435028248588,0.004519774011299435,0.0011299435028248588,0.0022598870056497176,0.0,0.0,0.0022598870056497176,0.0011299435028248588,0.0,0.0011299435028248588,0.0,0.0022598870056497176,0.0,0.003389830508474576,0.0022598870056497176,0.004519774011299435,0.006779661016949152,0.0,0.0,0.0,0.0,0.0011299435028248588,0.0,0.004519774011299435,0.0022598870056497176,0.0011299435028248588,0.0011299435028248588,0.003389830508474576,0.0011299435028248588,0.0,0.0,0.0,0.0011299435028248588,0.0022598870056497176,0.0022598870056497176,0.0,0.0011299435028248588,0.0,0.0011299435028248588,0.0011299435028248588,0.0,0.007909604519774011,0.005649717514124294,0.0,0.0022598870056497176,0.0,0.0,0.003389830508474576,0.006779661016949152,0.0,0.0,0.0,0.0,0.0,0.0,0.0011299435028248588,0.0,0.0011299435028248588,0.0,0.0,0.0,0.0022598870056497176,0.003389830508474576,0.004519774011299435,0.0011299435028248588,0.003389830508474576,0.005649717514124294,0.0011299435028248588,0.0,0.0022598870056497176,0.006779661016949152,0.0,0.0011299435028248588,0.007909604519774011,0.0011299435028248588,0.003389830508474576,0.003389830508474576,0.0011299435028248588,0.007909604519774011,0.0022598870056497176,0.0011299435028248588,0.0,0.0011299435028248588,0.0,0.0,0.0,0.0,0.0,0.004519774011299435,0.0011299435028248588,0.003389830508474576,0.0022598870056497176,0.0,0.0011299435028248588,0.006779661016949152,0.0022598870056497176,0.0,0.005649717514124294,0.006779661016949152,0.0011299435028248588,0.005649717514124294,0.0011299435028248588,0.006779661016949152,0.0011299435028248588,0.003389830508474576,0.0011299435028248588,0.0011299435028248588,0.003389830508474576,0.0,0.0,0.0011299435028248588,0.0,0.005649717514124294,0.0011299435028248588,0.0011299435028248588,0.0,0.0,0.003389830508474576,0.0011299435028248588,0.0,0.0,0.0022598870056497176,0.0,0.0011299435028248588,0.0011299435028248588,0.007909604519774011,0.0,0.0011299435028248588,0.0,0.0,0.0,0.0,0.0011299435028248588,0.0022598870056497176,0.0022598870056497176,0.0022598870056497176,0.006779661016949152,0.0,0.0022598870056497176,0.004519774011299435,0.004519774011299435,0.003389830508474576,0.0022598870056497176,0.0,0.0,0.0,0.0011299435028248588,0.0,0.005649717514124294,0.0011299435028248588,0.0,0.0,0.0022598870056497176,0.0,0.004519774011299435,0.0011299435028248588,0.0,0.004519774011299435,0.0022598870056497176,0.0011299435028248588,0.0,0.003389830508474576,0.0011299435028248588,0.0,0.003389830508474576,0.0,0.004519774011299435,0.0011299435028248588,0.0,0.0,0.005649717514124294,0.0,0.0,0.0011299435028248588,0.005649717514124294,0.0011299435028248588,0.0,0.0,0.003389830508474576,0.0,0.003389830508474576,0.004519774011299435,0.0,0.0011299435028248588,0.005649717514124294,0.0011299435028248588,0.0,0.0,0.0,0.0,0.0011299435028248588,0.0,0.004519774011299435,0.0,0.0,0.0,0.0,0.004519774011299435,0.0022598870056497176,0.0022598870056497176,0.0011299435028248588,0.0,0.0,0.0,0.0011299435028248588,0.0,0.0022598870056497176,0.0,0.0,0.0,0.0,0.0,0.00903954802259887,0.0011299435028248588,0.005649717514124294,0.0022598870056497176,0.003389830508474576,0.0,0.0,0.007909604519774011,0.0022598870056497176,0.0011299435028248588,0.0,0.0022598870056497176,0.003389830508474576,0.0,0.0011299435028248588,0.003389830508474576,0.0022598870056497176,0.0,0.0,0.0022598870056497176,0.003389830508474576,0.006779661016949152,0.0,0.0022598870056497176,0.0,0.0011299435028248588,0.0,0.0,0.0,0.004519774011299435,0.0,0.0,0.0022598870056497176,0.0011299435028248588,0.003389830508474576,0.006779661016949152,0.004519774011299435,0.0022598870056497176,0.0,0.0,0.0022598870056497176,0.0,0.0022598870056497176,0.0,0.0022598870056497176,0.0011299435028248588,0.0,0.0011299435028248588,0.004519774011299435,0.004519774011299435,0.0,0.0,0.006779661016949152,0.0,0.0011299435028248588,0.0,0.0011299435028248588,0.0,0.006779661016949152,0.0011299435028248588,0.0011299435028248588,0.00903954802259887,0.004519774011299435,0.003389830508474576,0.0,0.006779661016949152,0.005649717514124294,0.0011299435028248588,0.0,0.0,0.003389830508474576,0.0,0.0022598870056497176,0.0,0.0,0.0,0.0011299435028248588,0.0011299435028248588,0.0,0.010169491525423728,0.003389830508474576,0.0,0.0022598870056497176,0.0,0.005649717514124294,0.0,0.010169491525423728,0.0,0.0011299435028248588,0.0,0.004519774011299435,0.0,0.0011299435028248588,0.0011299435028248588,0.0011299435028248588,0.0,0.003389830508474576,0.0011299435028248588,0.0,0.0022598870056497176,0.003389830508474576,0.0011299435028248588,0.0,0.0,0.0011299435028248588,0.0,0.007909604519774011,0.0011299435028248588,0.0022598870056497176,0.0,0.007909604519774011,0.005649717514124294,0.006779661016949152,0.0022598870056497176,0.004519774011299435,0.0,0.0011299435028248588,0.003389830508474576,0.0,0.004519774011299435,0.0,0.003389830508474576,0.0022598870056497176,0.0,0.0,0.0011299435028248588,0.0011299435028248588,0.003389830508474576,0.0,0.0,0.003389830508474576,0.004519774011299435,0.004519774011299435,0.0022598870056497176,0.006779661016949152,0.0,0.0011299435028248588,0.0,0.0011299435028248588,0.0022598870056497176,0.014689265536723164,0.004519774011299435,0.0022598870056497176,0.0011299435028248588,0.004519774011299435,0.006779661016949152,0.003389830508474576,0.0,0.0011299435028248588,0.0022598870056497176,0.0011299435028248588,0.003389830508474576,0.0,0.0011299435028248588,0.003389830508474576,0.0,0.0,0.007909604519774011,0.0022598870056497176,0.0,0.0,0.003389830508474576,0.0,0.005649717514124294,0.0011299435028248588,0.0022598870056497176,0.0,0.0,0.0011299435028248588,0.0,0.0,0.0,0.003389830508474576,0.0011299435028248588,0.0022598870056497176,0.0,0.0011299435028248588,0.0,0.0011299435028248588,0.0,0.0022598870056497176,0.005649717514124294,0.003389830508474576,0.0011299435028248588,0.0011299435028248588,0.005649717514124294,0.0,0.0011299435028248588,0.0022598870056497176
1802late89,0.0010121457489878543,0.0020242914979757085,0.0,0.0020242914979757085,0.003036437246963563,0.0,0.0,0.0020242914979757085,0.01417004048582996,0.0,0.003036437246963563,0.003036437246963563,0.012145748987854251,0.0,0.0,0.0010121457489878543,0.0,0.0010121457489878543,0.004048582995951417,0.0010121457489878543,0.00708502024291498,0.0,0.0010121457489878543,0.0010121457489878543,0.0,0.0,0.0,0.0020242914979757085,0.0010121457489878543,0.005060728744939271,0.0010121457489878543,0.0,0.010121457489878543,0.0,0.0010121457489878543,0.0,0.005060728744939271,0.0020242914979757085,0.0,0.003036437246963563,0.0,0.0010121457489878543,0.0,0.0,0.004048582995951417,0.0020242914979757085,0.0020242914979757085,0.004048582995951417,0.0020242914979757085,0.003036437246963563,0.0,0.0,0.0,0.0020242914979757085,0.0010121457489878543,0.0010121457489878543,0.0010121457489878543,0.0010121457489878543,0.0020242914979757085,0.003036437246963563,0.0020242914979757085,0.0010121457489878543,0.005060728744939271,0.0010121457489878543,0.0,0.0020242914979757085,0.005060728744939271,0.003036437246963563,0.0010121457489878543,0.0,0.005060728744939271,0.0,0.0,0.0010121457489878543,0.003036437246963563,0.0020242914979757085,0.006072874493927126,0.004048582995951417,0.0,0.006072874493927126,0.0,0.0,0.004048582995951417,0.0010121457489878543,0.0,0.0,0.0,0.004048582995951417,0.0010121457489878543,0.0,0.0010121457489878543,0.0010121457489878543,0.0,0.0020242914979757085,0.0010121457489878543,0.0020242914979757085,0.0,0.0020242914979757085,0.0020242914979757085,0.00708502024291498,0.003036437246963563,0.0,0.0010121457489878543,0.0020242914979757085,0.00708502024291498,0.0010121457489878543,0.0010121457489878543,0.004048582995951417,0.003036437246963563,0.0,0.003036437246963563,0.0,0.003036437246963563,0.003036437246963563,0.0010121457489878543,0.0020242914979757085,0.0,0.0,0.003036437246963563,0.0010121457489878543,0.0,0.0,0.0,0.0,0.0,0.0,0.0,0.003036437246963563,0.0020242914979757085,0.0,0.0,0.0,0.0,0.0020242914979757085,0.0010121457489878543,0.009109311740890687,0.0010121457489878543,0.0010121457489878543,0.0010121457489878543,0.0020242914979757085,0.00708502024291498,0.0,0.0,0.0,0.0020242914979757085,0.004048582995951417,0.006072874493927126,0.0010121457489878543,0.0,0.0020242914979757085,0.0,0.0,0.0,0.005060728744939271,0.0010121457489878543,0.0,0.005060728744939271,0.0,0.003036437246963563,0.0020242914979757085,0.005060728744939271,0.0,0.0,0.0010121457489878543,0.0,0.0,0.0,0.003036437246963563,0.0020242914979757085,0.0,0.0,0.0,0.0,0.0020242914979757085,0.004048582995951417,0.0010121457489878543,0.0010121457489878543,0.003036437246963563,0.004048582995951417,0.0010121457489878543,0.0020242914979757085,0.004048582995951417,0.00708502024291498,0.0020242914979757085,0.0,0.004048582995951417,0.0010121457489878543,0.0010121457489878543,0.0,0.0,0.009109311740890687,0.0020242914979757085,0.004048582995951417,0.0,0.0020242914979757085,0.0,0.0020242914979757085,0.003036437246963563,0.0,0.0,0.005060728744939271,0.0010121457489878543,0.00708502024291498,0.0020242914979757085,0.0,0.003036437246963563,0.0020242914979757085,0.006072874493927126,0.0020242914979757085,0.004048582995951417,0.0010121457489878543,0.0020242914979757085,0.009109311740890687,0.0020242914979757085,0.0020242914979757085,0.0,0.013157894736842105,0.003036437246963563,0.0,0.003036437246963563,0.003036437246963563,0.003036437246963563,0.005060728744939271,0.0,0.0010121457489878543,0.0010121457489878543,0.004048582995951417,0.003036437246963563,0.0010121457489878543,0.0010121457489878543,0.0,0.0010121457489878543,0.0,0.0010121457489878543,0.0,0.0020242914979757085,0.0,0.0010121457489878543,0.0,0.0020242914979757085,0.0,0.0010121457489878543,0.0010121457489878543,0.0,0.0,0.0020242914979757085,0.003036437246963563,0.004048582995951417,0.0010121457489878543,0.003036437246963563,0.0,0.003036437246963563,0.0020242914979757085,0.004048582995951417,0.0020242914979757085,0.0,0.00708502024291498,0.0010121457489878543,0.0,0.0020242914979757085,0.0,0.0010121457489878543,0.0,0.0020242914979757085,0.0,0.0,0.004048582995951417,0.0,0.0020242914979757085,0.008097165991902834,0.0010121457489878543,0.0010121457489878543,0.006072874493927126,0.0010121457489878543,0.003036437246963563,0.0020242914979757085,0.0020242914979757085,0.0010121457489878543,0.006072874493927126,0.0,0.0010121457489878543,0.013157894736842105,0.0010121457489878543,0.0010121457489878543,0.004048582995951417,0.004048582995951417,0.0,0.0,0.0,0.009109311740890687,0.0,0.005060728744939271,0.0010121457489878543,0.0,0.0010121457489878543,0.004048582995951417,0.0,0.0,0.0,0.0,0.0010121457489878543,0.0,0.0,0.003036437246963563,0.0010121457489878543,0.0,0.0010121457489878543,0.0,0.0020242914979757085,0.004048582995951417,0.0020242914979757085,0.003036437246963563,0.0020242914979757085,0.0,0.0010121457489878543,0.0020242914979757085,0.0020242914979757085,0.0,0.0,0.0010121457489878543,0.0,0.0,0.0,0.003036437246963563,0.0,0.004048582995951417,0.003036437246963563,0.004048582995951417,0.0,0.0,0.005060728744939271,0.004048582995951417,0.0020242914979757085,0.0010121457489878543,0.0010121457489878543,0.0010121457489878543,0.0,0.0,0.006072874493927126,0.0010121457489878543,0.0010121457489878543,0.0,0.004048582995951417,0.003036437246963563,0.011133603238866396,0.0,0.0010121457489878543,0.0,0.0,0.0,0.0010121457489878543,0.0010121457489878543,0.0020242914979757085,0.0,0.0,0.0010121457489878543,0.0010121457489878543,0.0020242914979757085,0.0020242914979757085,0.005060728744939271,0.003036437246963563,0.0,0.0010121457489878543,0.0020242914979757085,0.0010121457489878543,0.004048582995951417,0.0,0.0020242914979757085,0.0,0.0,0.0,0.010121457489878543,0.0020242914979757085,0.0010121457489878543,0.0,0.010121457489878543,0.0010121457489878543,0.0020242914979757085,0.0,0.0010121457489878543,0.0010121457489878543,0.005060728744939271,0.0,0.0,0.0020242914979757085,0.0020242914979757085,0.003036437246963563,0.0,0.006072874493927126,0.010121457489878543,0.0010121457489878543,0.0010121457489878543,0.0,0.003036437246963563,0.0,0.0010121457489878543,0.0,0.0,0.0020242914979757085,0.0,0.0010121457489878543,0.0,0.006072874493927126,0.0010121457489878543,0.0,0.0020242914979757085,0.0,0.011133603238866396,0.0,0.012145748987854251,0.0010121457489878543,0.008097165991902834,0.0,0.0,0.0,0.004048582995951417,0.0,0.0020242914979757085,0.0,0.0,0.0020242914979757085,0.0010121457489878543,0.0010121457489878543,0.005060728744939271,0.0010121457489878543,0.0,0.004048582995951417,0.0010121457489878543,0.0,0.012145748987854251,0.0010121457489878543,0.0010121457489878543,0.0,0.0010121457489878543,0.008097165991902834,0.003036437246963563,0.0,0.003036437246963563,0.0,0.0,0.004048582995951417,0.0010121457489878543,0.003036437246963563,0.0,0.0010121457489878543,0.0,0.0,0.0010121457489878543,0.0,0.0,0.003036437246963563,0.0,0.0,0.003036437246963563,0.005060728744939271,0.0020242914979757085,0.004048582995951417,0.003036437246963563,0.0,0.0020242914979757085,0.0,0.005060728744939271,0.0,0.005060728744939271,0.003036437246963563,0.004048582995951417,0.0020242914979757085,0.0010121457489878543,0.005060728744939271,0.0020242914979757085,0.0010121457489878543,0.003036437246963563,0.003036437246963563,0.0,0.0010121457489878543,0.0020242914979757085,0.0020242914979757085,0.0020242914979757085,0.0,0.0,0.0020242914979757085,0.005060728744939271,0.003036437246963563,0.0,0.0010121457489878543,0.006072874493927126,0.003036437246963563,0.005060728744939271,0.005060728744939271,0.0010121457489878543,0.0010121457489878543,0.0020242914979757085,0.0,0.0,0.0010121457489878543,0.0010121457489878543,0.005060728744939271,0.003036437246963563,0.0,0.0,0.0,0.0010121457489878543,0.0,0.005060728744939271,0.005060728744939271,0.004048582995951417,0.005060728744939271,0.0010121457489878543,0.00708502024291498,0.0,0.0020242914979757085,0.0010121457489878543
1802late88,0.0007396449704142012,0.0022189349112426036,0.0029585798816568047,0.0014792899408284023,0.0029585798816568047,0.0029585798816568047,0.0,0.0014792899408284023,0.011834319526627219,0.0007396449704142012,0.0036982248520710057,0.0014792899408284023,0.008136094674556213,0.0,0.0,0.0036982248520710057,0.0,0.0022189349112426036,0.0022189349112426036,0.0,0.005177514792899409,0.0,0.004437869822485207,0.0029585798816568047,0.0007396449704142012,0.01257396449704142,0.0,0.0,0.0007396449704142012,0.0022189349112426036,0.0029585798816568047,0.0022189349112426036,0.009615384615384616,0.0,0.0014792899408284023,0.0,0.0007396449704142012,0.0007396449704142012,0.0036982248520710057,0.0014792899408284023,0.0007396449704142012,0.0,0.0022189349112426036,0.0,0.0036982248520710057,0.0007396449704142012,0.0029585798816568047,0.0007396449704142012,0.0014792899408284023,0.0029585798816568047,0.0,0.0,0.005917159763313609,0.0014792899408284023,0.0007396449704142012,0.0,0.0007396449704142012,0.0007396449704142012,0.0007396449704142012,0.0,0.0,0.0,0.0029585798816568047,0.0,0.0,0.0014792899408284023,0.011094674556213017,0.0029585798816568047,0.0022189349112426036,0.0029585798816568047,0.0,0.0022189349112426036,0.0,0.0,0.008875739644970414,0.0029585798816568047,0.0036982248520710057,0.0007396449704142012,0.0,0.0029585798816568047,0.0007396449704142012,0.0,0.0022189349112426036,0.0,0.0036982248520710057,0.0,0.0029585798816568047,0.0007396449704142012,0.0,0.0,0.0,0.0029585798816568047,0.0022189349112426036,0.0022189349112426036,0.0,0.0029585798816568047,0.0,0.004437869822485207,0.0029585798816568047,0.0036982248520710057,0.0007396449704142012,0.0022189349112426036,0.004437869822485207,0.0022189349112426036,0.005177514792899409,0.0036982248520710057,0.0007396449704142012,0.0022189349112426036,0.004437869822485207,0.0,0.004437869822485207,0.0,0.0,0.005917159763313609,0.0007396449704142012,0.0007396449704142012,0.0014792899408284023,0.0007396449704142012,0.0029585798816568047,0.0007396449704142012,0.0,0.0,0.0,0.0014792899408284023,0.0,0.0014792899408284023,0.0014792899408284023,0.0022189349112426036,0.009615384615384616,0.0,0.0,0.0029585798816568047,0.0,0.0007396449704142012,0.0,0.0029585798816568047,0.0007396449704142012,0.0,0.0,0.0036982248520710057,0.0036982248520710057,0.0,0.0,0.0007396449704142012,0.0,0.0014792899408284023,0.0029585798816568047,0.0007396449704142012,0.0007396449704142012,0.0007396449704142012,0.0,0.0,0.0007396449704142012,0.0036982248520710057,0.0022189349112426036,0.0007396449704142012,0.004437869822485207,0.0014792899408284023,0.0,0.0014792899408284023,0.0029585798816568047,0.0,0.0007396449704142012,0.0,0.0,0.0,0.0,0.0014792899408284023,0.0,0.0,0.0,0.0,0.0,0.005917159763313609,0.0022189349112426036,0.0029585798816568047,0.0007396449704142012,0.0007396449704142012,0.0073964497041420114,0.0,0.0,0.0022189349112426036,0.005917159763313609,0.0,0.0,0.005177514792899409,0.0,0.0,0.005177514792899409,0.0007396449704142012,0.005177514792899409,0.0007396449704142012,0.0022189349112426036,0.0007396449704142012,0.0014792899408284023,0.0,0.0,0.0,0.0014792899408284023,0.0007396449704142012,0.005177514792899409,0.0007396449704142012,0.005917159763313609,0.0014792899408284023,0.0,0.0,0.0036982248520710057,0.005917159763313609,0.0007396449704142012,0.0029585798816568047,0.0022189349112426036,0.0022189349112426036,0.005177514792899409,0.0022189349112426036,0.0029585798816568047,0.004437869822485207,0.005917159763313609,0.0036982248520710057,0.0014792899408284023,0.005177514792899409,0.0,0.0022189349112426036,0.0022189349112426036,0.0,0.0022189349112426036,0.0007396449704142012,0.0014792899408284023,0.0,0.0036982248520710057,0.0029585798816568047,0.0,0.0014792899408284023,0.0,0.0022189349112426036,0.0036982248520710057,0.004437869822485207,0.0,0.004437869822485207,0.0036982248520710057,0.0014792899408284023,0.004437869822485207,0.0,0.0007396449704142012,0.0,0.0,0.0014792899408284023,0.0022189349112426036,0.0029585798816568047,0.0022189349112426036,0.0,0.0014792899408284023,0.004437869822485207,0.0029585798816568047,0.0014792899408284023,0.0029585798816568047,0.0,0.0007396449704142012,0.0036982248520710057,0.0,0.0,0.0014792899408284023,0.0,0.0,0.0022189349112426036,0.0022189349112426036,0.0,0.0036982248520710057,0.0007396449704142012,0.0,0.0029585798816568047,0.005177514792899409,0.0007396449704142012,0.0,0.0022189349112426036,0.0022189349112426036,0.0007396449704142012,0.0014792899408284023,0.0,0.0022189349112426036,0.004437869822485207,0.0,0.0007396449704142012,0.005177514792899409,0.0,0.0007396449704142012,0.0022189349112426036,0.004437869822485207,0.0007396449704142012,0.0007396449704142012,0.0,0.0036982248520710057,0.0,0.0,0.0036982248520710057,0.005917159763313609,0.0007396449704142012,0.005177514792899409,0.0,0.0,0.0,0.0,0.0,0.0014792899408284023,0.0007396449704142012,0.004437869822485207,0.0,0.0014792899408284023,0.0007396449704142012,0.0,0.0073964497041420114,0.0014792899408284023,0.0029585798816568047,0.0029585798816568047,0.0,0.0,0.0,0.0014792899408284023,0.0,0.0,0.0029585798816568047,0.0014792899408284023,0.0014792899408284023,0.0007396449704142012,0.0,0.0007396449704142012,0.0014792899408284023,0.0007396449704142012,0.0014792899408284023,0.0007396449704142012,0.0,0.0,0.008875739644970414,0.010355029585798817,0.0036982248520710057,0.0,0.0029585798816568047,0.0022189349112426036,0.0007396449704142012,0.0029585798816568047,0.0022189349112426036,0.0,0.0,0.0,0.005917159763313609,0.004437869822485207,0.005917159763313609,0.0,0.0073964497041420114,0.0007396449704142012,0.0007396449704142012,0.0,0.0,0.0,0.006656804733727811,0.0014792899408284023,0.0007396449704142012,0.0014792899408284023,0.0014792899408284023,0.0022189349112426036,0.0029585798816568047,0.0022189349112426036,0.0022189349112426036,0.0,0.0,0.0014792899408284023,0.0,0.0007396449704142012,0.0,0.0,0.0007396449704142012,0.0,0.0,0.005177514792899409,0.0036982248520710057,0.0,0.0,0.0036982248520710057,0.0,0.0007396449704142012,0.0,0.0014792899408284023,0.0007396449704142012,0.010355029585798817,0.0,0.0007396449704142012,0.004437869822485207,0.0022189349112426036,0.0007396449704142012,0.0,0.004437869822485207,0.01257396449704142,0.0,0.0007396449704142012,0.0022189349112426036,0.0022189349112426036,0.008136094674556213,0.0,0.0014792899408284023,0.0,0.0007396449704142012,0.0,0.004437869822485207,0.0007396449704142012,0.009615384615384616,0.0014792899408284023,0.0073964497041420114,0.0007396449704142012,0.0014792899408284023,0.008136094674556213,0.0,0.0014792899408284023,0.0,0.0073964497041420114,0.0036982248520710057,0.005177514792899409,0.0,0.0,0.0007396449704142012,0.0029585798816568047,0.0029585798816568047,0.0,0.0014792899408284023,0.0007396449704142012,0.0,0.0036982248520710057,0.0029585798816568047,0.0,0.0014792899408284023,0.0014792899408284023,0.0,0.005917159763313609,0.0,0.0,0.0014792899408284023,0.0014792899408284023,0.0073964497041420114,0.005917159763313609,0.0029585798816568047,0.0,0.0,0.0,0.005177514792899409,0.0,0.0036982248520710057,0.0,0.0014792899408284023,0.0,0.0,0.0073964497041420114,0.0,0.0014792899408284023,0.0036982248520710057,0.0,0.0,0.0036982248520710057,0.0029585798816568047,0.0007396449704142012,0.0014792899408284023,0.0036982248520710057,0.008136094674556213,0.0014792899408284023,0.0014792899408284023,0.0007396449704142012,0.0,0.008136094674556213,0.0073964497041420114,0.0029585798816568047,0.0036982248520710057,0.0022189349112426036,0.006656804733727811,0.0029585798816568047,0.0007396449704142012,0.0,0.009615384615384616,0.0007396449704142012,0.0022189349112426036,0.0007396449704142012,0.0022189349112426036,0.0022189349112426036,0.0014792899408284023,0.0,0.005177514792899409,0.0007396449704142012,0.0007396449704142012,0.0007396449704142012,0.005177514792899409,0.0,0.0022189349112426036,0.0036982248520710057,0.004437869822485207,0.0,0.0014792899408284023,0.0,0.0,0.0,0.0022189349112426036,0.0029585798816568047,0.0029585798816568047,0.0022189349112426036,0.0,0.0007396449704142012,0.0,0.0014792899408284023,0.0,0.004437869822485207,0.0022189349112426036,0.005917159763313609,0.0022189349112426036,0.0007396449704142012,0.0036982248520710057,0.004437869822485207,0.0007396449704142012
